//ODV Spreadsheet file : /home/proussel/Documents/OUTILS/CTD/chimie/conversion/EGEE6_CHIMIE_odv.txt
//Data treated : 2020-09-24T15:58:11
//<InstrumentType>Chemical bottle analysis</InstrumentType>
//<Source>/home/proussel/Documents/OUTILS/CTD/chimie/conversion/EGEE6_CHIMIE.xlsx</Sources>
//<DataType>Bottles</DataType>
//<Creator>Pierre.Rousselot@ird.fr</Creator>
//
Cruise	Station	Type	yyyy-mm-ddThh:mm:ss	Longitude [degrees_east]	Latitude [degrees_north]	Bot. Depth [m]	DEPTH [m]	Bottle nb	PSAL [Psu]	DOX1 [ml/l]	DOX2 [micromole/kg]	NTIW [micromole/kg]	NTAW+NTIW [micromole/kg]	NTAW [micromole/kg]	PHOW [micromole/kg]	SLCW [micromole/kg]	CHC3 [microgramme/l]	CHCZ [microgramme/l]	PERP [microgramme/l]	BFUP [microgramme/l]	FUCP [microgramme/l]	NEXW [microgramme/l]	PXAP [microgramme/l]	VIOW [microgramme/l]	HFUP [microgramme/l]	DXAP [microgramme/l]	AXAP [microgramme/l]	TXAP [microgramme/l]	ZXAP [microgramme/l]	LUTW [microgramme/l]	CHBD [microgramme/l]	CH2P [microgramme/l]	CHLB [microgramme/l]	AACP [microgramme/l]	BBCP [microgramme/l]	PHEP [microgramme/l]	CHAD [microgramme/l]	CH1P [microgramme/l]	CPHL [microgramme/l]	PHEA [microgramme/l]	CXAP [microgramme/l]
EGEE 6	st001c01	B	2007-09-03T18:00:00z	  +6.006	 +3.495		   1.0	11	 31.808	4.597	201.20	 0.00		0.117	  0.00	 1.85																										
EGEE 6	st001c01	B	2007-09-03T18:00:00z	  +6.006	 +3.495		   9.0	10	 32.084	4.619	202.20	 0.00		0.127	  0.00	 1.87																										
EGEE 6	st001c01	B	2007-09-03T18:00:00z	  +6.006	 +3.495		  19.0	 9	 34.762	4.505	196.80	 0.00		0.117	  0.04	 1.19																										
EGEE 6	st001c01	B	2007-09-03T18:00:00z	  +6.006	 +3.495		  39.0	 8	 35.154	4.433	193.50	 0.00		0.127	  0.05	 0.97																										
EGEE 6	st001c01	B	2007-09-03T18:00:00z	  +6.006	 +3.495		  60.0	 7	 35.995	3.106	135.30	 0.58		6.768	  0.67	 3.03																										
EGEE 6	st001c01	B	2007-09-03T18:00:00z	  +6.006	 +3.495		  80.0	 6	 35.871	2.426	105.60	 0.03		12.711	  1.00	 5.05																										
EGEE 6	st001c01	B	2007-09-03T18:00:00z	  +6.006	 +3.495		  80.0	 5	 35.873	2.716	118.30	 0.03		12.741	  0.99	 4.98																										
EGEE 6	st001c01	B	2007-09-03T18:00:00z	  +6.006	 +3.495		  97.0	 4	 35.773	2.626	114.30	 0.01		14.183	  1.10	 5.97																										
EGEE 6	st001c01	B	2007-09-03T18:00:00z	  +6.006	 +3.495		 599.0	 3	 34.664	2.160	 94.00	 0.00		34.075	  2.25	21.20																										
EGEE 6	st001c01	B	2007-09-03T18:00:00z	  +6.006	 +3.495		 702.0	 2	 34.601	2.426	105.60	 0.00		34.378	  2.29	25.29																										
EGEE 6	st001c01	B	2007-09-03T18:00:00z	  +6.006	 +3.495		 702.0	 1	 34.601	2.344	102.00	 0.00		34.817	  2.33	25.34																										
EGEE 6	st002c01	B	2007-09-03T23:00:00z	  +6.004	 +2.998		   1.9	11	 32.176	4.569	199.90	 0.00		0.151	  0.02	 2.00																										
EGEE 6	st002c01	B	2007-09-03T23:00:00z	  +6.004	 +2.998		   9.6	10	 32.870	4.591	200.80	 0.00		0.087	  0.02	 2.53																										
EGEE 6	st002c01	B	2007-09-03T23:00:00z	  +6.004	 +2.998		  20.5	 9	 34.381	4.425	193.30	 0.00		0.114	  0.05	 1.52																										
EGEE 6	st002c01	B	2007-09-03T23:00:00z	  +6.004	 +2.998		  40.1	 8	 35.129	4.505	196.60	 0.00		0.087	  0.08	 0.82																										
EGEE 6	st002c01	B	2007-09-03T23:00:00z	  +6.004	 +2.998		  60.4	 7	 36.020	3.218	140.10	 0.50		8.328	  0.76	 3.58																										
EGEE 6	st002c01	B	2007-09-03T23:00:00z	  +6.004	 +2.998		  78.1	 6	 35.951	2.926	127.40	 0.34		10.102	  0.89	 4.11																										
EGEE 6	st002c01	B	2007-09-03T23:00:00z	  +6.004	 +2.998		  98.9	 5	 35.794	2.558	111.40	 0.06		13.758	  1.10	 5.19																										
EGEE 6	st002c01	B	2007-09-03T23:00:00z	  +6.004	 +2.998		 299.9	 4	 35.024	1.296	 56.40	 0.00		31.266	  1.94	14.28																										
EGEE 6	st002c01	B	2007-09-03T23:00:00z	  +6.004	 +2.998		 598.0	 3	 34.649	2.120	 92.20	 0.00		33.759	  2.25	22.25																										
EGEE 6	st002c01	B	2007-09-03T23:00:00z	  +6.004	 +2.998		 598.0	 2	 34.648	2.030	 88.30	 0.00		34.786	  2.25	22.24																										
EGEE 6	st002c01	B	2007-09-03T23:00:00z	  +6.004	 +2.998		1002.0	 1	 34.631	3.206	139.40	 0.00		32.292	  2.16	31.02																										
EGEE 6	st003c01	B	2007-09-04T04:00:00z	  +6.007	 +2.500		   2.0	11	 35.117	4.569	199.40	 0.00		0.074	  0.12	 0.42																										
EGEE 6	st003c01	B	2007-09-04T04:00:00z	  +6.007	 +2.500		   9.0	10	 35.118	4.579	199.90	 0.00		0.029	  0.12	 0.46																										
EGEE 6	st003c01	B	2007-09-04T04:00:00z	  +6.007	 +2.500		  19.0	 9	 35.116	4.538	198.10	 0.00		0.000	  0.12	 0.49																										
EGEE 6	st003c01	B	2007-09-04T04:00:00z	  +6.007	 +2.500		  40.0	 8	 35.150	4.947	215.90	 0.00		0.000	  0.11	 0.53																										
EGEE 6	st003c01	B	2007-09-04T04:00:00z	  +6.007	 +2.500		  61.0	 7	 35.499	4.273	186.40	 0.04		0.474	  0.18	 1.11																										
EGEE 6	st003c01	B	2007-09-04T04:00:00z	  +6.007	 +2.500		  74.0	 6	 35.962	3.070	133.60	 0.17		10.235	  0.87	 4.10																										
EGEE 6	st003c01	B	2007-09-04T04:00:00z	  +6.007	 +2.500		  98.0	 5	 35.838	2.950	128.40	 0.05		13.900	  0.98	 5.01																										
EGEE 6	st003c01	B	2007-09-04T04:00:00z	  +6.007	 +2.500		 299.0	 4	 35.032	1.323	 57.50	 0.00		32.863	  1.94	14.23																										
EGEE 6	st003c01	B	2007-09-04T04:00:00z	  +6.007	 +2.500		 299.0	 3	 35.031	1.290	 56.10	 0.00		32.296	  1.96	14.44																										
EGEE 6	st003c01	B	2007-09-04T04:00:00z	  +6.007	 +2.500		 597.0	 2	 34.618	2.327	101.20	 0.00		34.983	  2.21	22.19																										
EGEE 6	st003c01	B	2007-09-04T04:00:00z	  +6.007	 +2.500		1009.7	 1	 34.655	3.353	145.70	 0.00		33.303	  2.17	31.13																										
EGEE 6	st004c01	B	2007-09-04T09:30:00z	  +6.003	 +2.000		   1.7	11	 35.180	4.529	197.70	 0.01		0.173	  0.03	 0.84																										
EGEE 6	st004c01	B	2007-09-04T09:30:00z	  +6.003	 +2.000		   9.8	10	 35.178	4.525	197.50	 0.02		0.199	  0.02	 0.81																										
EGEE 6	st004c01	B	2007-09-04T09:30:00z	  +6.003	 +2.000		  19.4	 9	 35.178	4.593	200.50	 0.02		0.116	  0.02	 0.78																										
EGEE 6	st004c01	B	2007-09-04T09:30:00z	  +6.003	 +2.000		  39.5	 8	 35.185	4.515	197.00	 0.01		0.366	  0.02	 0.77																										
EGEE 6	st004c01	B	2007-09-04T09:30:00z	  +6.003	 +2.000		  58.6	 7	 35.440	4.088	178.30	 0.14		5.891	  0.45	 2.32																										
EGEE 6	st004c01	B	2007-09-04T09:30:00z	  +6.003	 +2.000		  78.1	 6	 35.836	3.002	130.70	 0.09		12.571	  0.92	 4.76																										
EGEE 6	st004c01	B	2007-09-04T09:30:00z	  +6.003	 +2.000		 102.0	 5	 35.785	3.291	143.30	 0.09		11.525	  0.94	 4.89																										
EGEE 6	st004c01	B	2007-09-04T09:30:00z	  +6.003	 +2.000		  99.7	 4	 35.785	2.977	129.60	 0.06		11.816	  0.99	 5.20																										
EGEE 6	st004c01	B	2007-09-04T09:30:00z	  +6.003	 +2.000		 602.0	 3	 34.623	2.304	100.20	 0.01		30.450	  2.23	22.25																										
EGEE 6	st004c01	B	2007-09-04T09:30:00z	  +6.003	 +2.000		1000.0	 2	 34.628	3.392	147.50	 0.00		27.709	  2.17	30.45																										
EGEE 6	st004c01	B	2007-09-04T09:30:00z	  +6.003	 +2.000		1993.0	 1	 34.956	5.289	229.90	 0.01		16.448	  1.37	23.73																										
EGEE 6	st005c01	B	2007-09-04T15:30:00z	  +6.005	 +1.503		   2.2	11	 34.978	4.591	200.40	 0.01		0.231	  0.05	 0.47																										
EGEE 6	st005c01	B	2007-09-04T15:30:00z	  +6.005	 +1.503		  10.2	10	 34.980	4.611	201.30	 0.01		0.270	  0.05	 0.54																										
EGEE 6	st005c01	B	2007-09-04T15:30:00z	  +6.005	 +1.503		  19.9	 9	 34.988	4.606	201.10	 0.01		0.251	  0.05	 0.55																										
EGEE 6	st005c01	B	2007-09-04T15:30:00z	  +6.005	 +1.503		  40.4	 8	 35.108	4.534	197.90	 0.01		0.222	  0.08	 0.55																										
EGEE 6	st005c01	B	2007-09-04T15:30:00z	  +6.005	 +1.503		  59.4	 7	 35.645	3.770	164.30	 0.09		1.474	  0.26	 1.32																										
EGEE 6	st005c01	B	2007-09-04T15:30:00z	  +6.005	 +1.503		  79.6	 6	 35.809	3.341	145.40	 0.08		12.093	  0.96	 4.76																										
EGEE 6	st005c01	B	2007-09-04T15:30:00z	  +6.005	 +1.503		  79.9	 5	 35.804	3.202	139.40	 0.06		11.374	  0.92	 4.75																										
EGEE 6	st005c01	B	2007-09-04T15:30:00z	  +6.005	 +1.503		  98.0	 4	 35.758	3.136	136.50	 0.06		10.736	  0.93	 4.71																										
EGEE 6	st005c01	B	2007-09-04T15:30:00z	  +6.005	 +1.503		 598.0	 3	 34.616	2.363	102.80	 0.01		30.568	  2.24	22.07																										
EGEE 6	st005c01	B	2007-09-04T15:30:00z	  +6.005	 +1.503		1000.0	 2	 34.623	3.406	148.10	 0.00		28.090	  2.17	30.20																										
EGEE 6	st005c01	B	2007-09-04T15:30:00z	  +6.005	 +1.503		1999.0	 1	 34.942	5.461	237.30	 0.01		17.085	  1.38	25.53																										
EGEE 6	st006c01	B	2007-09-04T21:30:00z	  +6.001	 +0.998		   1.8	11	 34.892	4.553	198.80	 0.01		0.033	  0.03	 1.24																										
EGEE 6	st006c01	B	2007-09-04T21:30:00z	  +6.001	 +0.998		   9.6	10	 34.894	4.565	199.30	 0.01		0.003	  0.03	 1.25																										
EGEE 6	st006c01	B	2007-09-04T21:30:00z	  +6.001	 +0.998		  20.7	 9	 34.904	4.545	198.40	 0.01		0.021	  0.03	 1.17																										
EGEE 6	st006c01	B	2007-09-04T21:30:00z	  +6.001	 +0.998		  40.6	 8	 34.970	4.546	198.40	 0.01		0.000	  0.03	 1.14																										
EGEE 6	st006c01	B	2007-09-04T21:30:00z	  +6.001	 +0.998		  60.6	 7	 35.323	4.288	187.10	 0.08		1.322	  0.16	 1.58																										
EGEE 6	st006c01	B	2007-09-04T21:30:00z	  +6.001	 +0.998		  60.5	 6	 35.355	4.230	184.50	 0.08		1.938	  0.25	 1.80																										
EGEE 6	st006c01	B	2007-09-04T21:30:00z	  +6.001	 +0.998		  79.5	 5	 35.769	3.257	141.80	 0.17		13.254	  0.94	 4.96																										
EGEE 6	st006c01	B	2007-09-04T21:30:00z	  +6.001	 +0.998		  99.2	 4	 35.710	3.224	140.30	 0.03		14.079	  0.98	 5.42																										
EGEE 6	st006c01	B	2007-09-04T21:30:00z	  +6.001	 +0.998		 598.7	 3	 34.633	2.383	103.60	 0.00		34.337	  2.18	20.78																										
EGEE 6	st006c01	B	2007-09-04T21:30:00z	  +6.001	 +0.998		 999.0	 2	 34.637	3.407	148.20	 0.00		32.655	  2.17	29.79																										
EGEE 6	st006c01	B	2007-09-04T21:30:00z	  +6.001	 +0.998		2003.0	 1	 34.961	5.366	233.30	 0.01		20.456	  1.36	22.98																										
EGEE 6	st007c01	B	2007-09-05T03:00:00z	  +6.002	 +0.501		   1.9	11	 34.894	4.565	199.30	 0.00		0.000	  0.03	 1.01																										
EGEE 6	st007c01	B	2007-09-05T03:00:00z	  +6.002	 +0.501		   9.0	10	 34.893	4.561	199.10	 0.00		0.017	  0.02	 0.97																										
EGEE 6	st007c01	B	2007-09-05T03:00:00z	  +6.002	 +0.501		  19.0	 9	 34.894	4.561	199.10	 0.00		0.000	  0.02	 1.05																										
EGEE 6	st007c01	B	2007-09-05T03:00:00z	  +6.002	 +0.501		  31.0	 8	 34.891	4.554	198.80	 0.00		0.010	  0.07	 1.04																										
EGEE 6	st007c01	B	2007-09-05T03:00:00z	  +6.002	 +0.501		  31.0	 7	 34.891	4.559	199.00	 0.00		0.000	  0.02	 1.01																										
EGEE 6	st007c01	B	2007-09-05T03:00:00z	  +6.002	 +0.501		  59.0	 6	 35.792	3.623	157.80	 0.35		7.960	  0.64	 3.61																										
EGEE 6	st007c01	B	2007-09-05T03:00:00z	  +6.002	 +0.501		  80.0	 5	 35.746	3.268	142.20	 0.06		13.432	  0.95	 5.00																										
EGEE 6	st007c01	B	2007-09-05T03:00:00z	  +6.002	 +0.501		  98.0	 4	 35.702	3.216	140.00	 0.03		14.211	  1.00	 5.10																										
EGEE 6	st007c01	B	2007-09-05T03:00:00z	  +6.002	 +0.501		 598.0	 3	 34.623	2.434	105.90	 0.01		34.273	  2.13	20.98																										
EGEE 6	st007c01	B	2007-09-05T03:00:00z	  +6.002	 +0.501		 999.0	 2	 34.627	3.400	147.80	 0.00		32.863	  2.18	30.53																										
EGEE 6	st007c01	B	2007-09-05T03:00:00z	  +6.002	 +0.501		2004.4	 1	 34.965	5.449	236.80	 0.00		20.365	  1.35	22.16																										
EGEE 6	st008c01	B	2007-09-05T08:30:00z	  +5.998	 +0.001		   1.5	11	 34.764	4.584	200.10	 0.00		0.000	  0.04	 1.16																										
EGEE 6	st008c01	B	2007-09-05T08:30:00z	  +5.998	 +0.001		  10.1	10	 34.763	4.575	199.70	 0.00		0.048	  0.04	 1.74																										
EGEE 6	st008c01	B	2007-09-05T08:30:00z	  +5.998	 +0.001		  20.5	 9	 34.766	4.583	200.10	 0.00		0.000	  0.04	 1.77																										
EGEE 6	st008c01	B	2007-09-05T08:30:00z	  +5.998	 +0.001		  20.3	 8	 34.770	4.578	199.80	 0.00		0.000	  0.05	 1.26																										
EGEE 6	st008c01	B	2007-09-05T08:30:00z	  +5.998	 +0.001		  40.4	 7	 35.091	4.562	199.10	 0.01		0.053	  0.05	 1.69																										
EGEE 6	st008c01	B	2007-09-05T08:30:00z	  +5.998	 +0.001		  61.2	 6	 35.658	3.657	159.30	 0.37		8.144	  0.64	 3.73																										
EGEE 6	st008c01	B	2007-09-05T08:30:00z	  +5.998	 +0.001		  79.3	 5	 35.745	3.282	142.80	 0.41		12.955	  0.95	 5.10																										
EGEE 6	st008c01	B	2007-09-05T08:30:00z	  +5.998	 +0.001		  99.0	 4	 35.721	3.237	140.90	 0.05		13.704	  0.95	 4.89																										
EGEE 6	st008c01	B	2007-09-05T08:30:00z	  +5.998	 +0.001		 599.1	 3	 34.620	2.446	106.40	 0.00		34.416	  2.18	21.97																										
EGEE 6	st008c01	B	2007-09-05T08:30:00z	  +5.998	 +0.001		 999.4	 2	 34.632	3.445	149.80	 0.00		32.687	  2.15	30.35																										
EGEE 6	st008c01	B	2007-09-05T08:30:00z	  +5.998	 +0.001		2000.0	 1	 34.968	5.476	238.00	 0.01		20.217	  1.35	21.53																										
EGEE 6	st009c01	B	2007-09-05T14:00:00z	  +5.998	 -0.501		   1.6	11	 35.172	4.606	201.00	 0.01		0.047	  0.04	 0.99																										
EGEE 6	st009c01	B	2007-09-05T14:00:00z	  +5.998	 -0.501		   9.0	10	 35.169	4.620	201.60	 0.00		0.010	  0.04	 1.06																										
EGEE 6	st009c01	B	2007-09-05T14:00:00z	  +5.998	 -0.501		   9.0	 9	 35.169	4.631	202.10	 0.01		0.029	  0.04	 1.06																										
EGEE 6	st009c01	B	2007-09-05T14:00:00z	  +5.998	 -0.501		  19.0	 8	 35.169	4.626	201.90	 0.00		0.000	  0.03	 1.01																										
EGEE 6	st009c01	B	2007-09-05T14:00:00z	  +5.998	 -0.501		  39.0	 7	 35.173	4.597	200.60	 0.01		0.010	  0.04	 0.94																										
EGEE 6	st009c01	B	2007-09-05T14:00:00z	  +5.998	 -0.501		  60.0	 6	 35.803	3.408	148.40	 0.59		11.302	  0.87	 3.98																										
EGEE 6	st009c01	B	2007-09-05T14:00:00z	  +5.998	 -0.501		  77.0	 5	 35.763	3.368	146.60	 0.77		11.889	  0.92	 4.79																										
EGEE 6	st009c01	B	2007-09-05T14:00:00z	  +5.998	 -0.501		  98.0	 4	 35.714	3.266	142.20	 0.24		13.423	  0.98	 5.28																										
EGEE 6	st009c01	B	2007-09-05T14:00:00z	  +5.998	 -0.501		 600.0	 3	 34.616			 0.00		34.407	  2.22	22.45																										
EGEE 6	st009c01	B	2007-09-05T14:00:00z	  +5.998	 -0.501		 999.0	 2	 34.646			 0.00		31.910	  2.13	29.92																										
EGEE 6	st009c01	B	2007-09-05T14:00:00z	  +5.998	 -0.501		2006.0	 1	 34.964	5.431	236.10	 0.01		20.122	  1.34	22.75																										
EGEE 6	st010c01	B	2007-09-05T19:00:00z	  +5.997	 -0.998		   1.5	11	 35.330	4.701	205.10	 0.00		0.000	  0.06	 1.05																										
EGEE 6	st010c01	B	2007-09-05T19:00:00z	  +5.997	 -0.998		   1.5	10	 35.330	4.563	199.10	 0.00		0.049	  0.05	 0.96																										
EGEE 6	st010c01	B	2007-09-05T19:00:00z	  +5.997	 -0.998		  10.0	 9	 35.332	4.672	203.90	 0.00		0.020	  0.06	 0.98																										
EGEE 6	st010c01	B	2007-09-05T19:00:00z	  +5.997	 -0.998		  19.1	 8	 35.335	4.716	205.80	 0.00		0.000	  0.05	 0.86																										
EGEE 6	st010c01	B	2007-09-05T19:00:00z	  +5.997	 -0.998		  41.3	 7	 35.399	4.506	196.60	 0.03		1.002	  0.12	 1.63																										
EGEE 6	st010c01	B	2007-09-05T19:00:00z	  +5.997	 -0.998		  60.1	 6	 35.815	3.317	144.40	 0.46		11.962	  0.89	 4.59																										
EGEE 6	st010c01	B	2007-09-05T19:00:00z	  +5.997	 -0.998		  80.0	 5	 35.751	3.142	136.80	 0.21		13.378	  0.96	 5.39																										
EGEE 6	st010c01	B	2007-09-05T19:00:00z	  +5.997	 -0.998		 100.0	 4	 35.716	3.282	142.80	 0.12		13.574	  0.97	 5.26																										
EGEE 6	st010c01	B	2007-09-05T19:00:00z	  +5.997	 -0.998		 600.0	 3	 34.605	2.588	112.60	 0.00		33.586	  2.16	21.13																										
EGEE 6	st010c01	B	2007-09-05T19:00:00z	  +5.997	 -0.998		1000.0	 2	 34.645	3.525	153.30	 0.00		31.974	  2.14	31.45																										
EGEE 6	st010c01	B	2007-09-05T19:00:00z	  +5.997	 -0.998		2002.0	 1	 34.963	5.397	234.60	 0.00		20.286	  1.35	23.13																										
EGEE 6	st011c01	B	2007-09-06T00:30:00z	  +5.998	 -1.503		   1.7	11	 35.425	3.344	145.90	 0.00		0.015	  0.07	 1.05																										
EGEE 6	st011c01	B	2007-09-06T00:30:00z	  +5.998	 -1.503		  10.0	10	 35.433	3.442	150.10	 0.01		0.043	  0.07	 1.09																										
EGEE 6	st011c01	B	2007-09-06T00:30:00z	  +5.998	 -1.503		  19.0	 9	 35.430	5.251	229.10	 0.01		0.057	  0.07	 1.00																										
EGEE 6	st011c01	B	2007-09-06T00:30:00z	  +5.998	 -1.503		  39.0	 8	 35.915	4.793	209.00	 0.25		7.928	  0.65	 3.40																										
EGEE 6	st011c01	B	2007-09-06T00:30:00z	  +5.998	 -1.503		  59.0	 7	 35.850	4.985	217.10	 0.13		12.641	  0.91	 4.59																										
EGEE 6	st011c01	B	2007-09-06T00:30:00z	  +5.998	 -1.503		  79.0	 6	 35.779	5.078	221.10	 0.07		13.233	  0.94	 4.75																										
EGEE 6	st011c01	B	2007-09-06T00:30:00z	  +5.998	 -1.503		  98.0	 5	 35.712	5.184	225.60	 0.07		14.001	  0.99	 5.44																										
EGEE 6	st011c01	B	2007-09-06T00:30:00z	  +5.998	 -1.503		 599.0	 4	 34.622	5.374	234.10	 0.00		34.382	  2.18	21.36																										
EGEE 6	st011c01	B	2007-09-06T00:30:00z	  +5.998	 -1.503		 998.0	 3	 34.647	5.662	246.20	 0.00		32.233	  2.15	30.72																										
EGEE 6	st011c01	B	2007-09-06T00:30:00z	  +5.998	 -1.503		2004.0	 2	 34.957	5.592	243.10	 0.01		20.670	  1.38	22.90																										
EGEE 6	st011c01	B	2007-09-06T00:30:00z	  +5.998	 -1.503		2004.0	 1	 34.958	5.408	235.00	 0.01		20.691	  1.38	23.89																										
EGEE 6	st012c01	B	2007-09-07T08:30:00z	  +2.502	 +1.498		   1.3	11	 35.430	4.593	200.50	 0.00		0.055	  0.02	 0.71																										
EGEE 6	st012c01	B	2007-09-07T08:30:00z	  +2.502	 +1.498		   9.0	10	 35.430	4.534	197.90	 0.01		0.047	  0.02	 0.72																										
EGEE 6	st012c01	B	2007-09-07T08:30:00z	  +2.502	 +1.498		  20.0	 9	 35.430	4.560	199.00	 0.01		0.028	  0.02	 0.85																										
EGEE 6	st012c01	B	2007-09-07T08:30:00z	  +2.502	 +1.498		  39.0	 8	 35.431	4.558	198.90	 0.01		0.057	  0.02	 0.81																										
EGEE 6	st012c01	B	2007-09-07T08:30:00z	  +2.502	 +1.498		  60.0	 7	 35.941	3.248	141.40	 0.36		11.359	  0.83	 4.21																										
EGEE 6	st012c01	B	2007-09-07T08:30:00z	  +2.502	 +1.498		  81.0	 6	 35.759	3.242	141.10	 0.04		13.640	  0.94	 4.85																										
EGEE 6	st012c01	B	2007-09-07T08:30:00z	  +2.502	 +1.498		 100.0	 5	 35.681	3.222	140.20	 0.03		14.358	  1.00	 5.35																										
EGEE 6	st012c01	B	2007-09-07T08:30:00z	  +2.502	 +1.498		 600.0	 4	 34.583	2.747	119.50	 0.01		33.713	  2.17	22.70																										
EGEE 6	st012c01	B	2007-09-07T08:30:00z	  +2.502	 +1.498		 998.0	 3	 34.619	3.348	145.60	 0.01		33.088	  2.20	31.21																										
EGEE 6	st012c01	B	2007-09-07T08:30:00z	  +2.502	 +1.498		 999.0	 2	 34.619	3.343	145.40	 0.01		33.283	  2.21	31.24																										
EGEE 6	st012c01	B	2007-09-07T08:30:00z	  +2.502	 +1.498		2005.0	 1	 34.962	5.409	235.10	 0.01		20.386	  1.37	24.00																										
EGEE 6	st013c01	B	2007-09-07T13:45:00z	  +2.503	 +0.998		   1.4	11	 35.447	4.603	200.90	 0.01		0.061	  0.04	 0.72																										
EGEE 6	st013c01	B	2007-09-07T13:45:00z	  +2.503	 +0.998		  10.2	10	 35.446	4.573	199.60	 0.01		0.023	  0.03	 0.75																										
EGEE 6	st013c01	B	2007-09-07T13:45:00z	  +2.503	 +0.998		  19.4	 9	 35.446	4.627	201.90	 0.00		0.036	  0.03	 0.69																										
EGEE 6	st013c01	B	2007-09-07T13:45:00z	  +2.503	 +0.998		  37.2	 8	 35.447	5.093	222.30	 0.02		0.033	  0.02	 0.74																										
EGEE 6	st013c01	B	2007-09-07T13:45:00z	  +2.503	 +0.998		  61.0	 7	 35.830	3.700	161.10	 0.12		13.913	  0.95	 9.85																										
EGEE 6	st013c01	B	2007-09-07T13:45:00z	  +2.503	 +0.998		  75.0	 6	 35.743	3.339	145.30	 0.55		12.262	  0.92	 4.83																										
EGEE 6	st013c01	B	2007-09-07T13:45:00z	  +2.503	 +0.998		  98.9	 5	 35.643			 0.14		15.134	  1.05	 5.46																										
EGEE 6	st013c01	B	2007-09-07T13:45:00z	  +2.503	 +0.998		 599.6	 4	 34.584	2.741	119.20	 0.01		33.657	  2.16	21.66																										
EGEE 6	st013c01	B	2007-09-07T13:45:00z	  +2.503	 +0.998		 598.6	 3	 34.584			 0.01		34.259	  2.20	22.86																										
EGEE 6	st013c01	B	2007-09-07T13:45:00z	  +2.503	 +0.998		 999.0	 2	 34.620			 0.01		33.090	  2.19	31.09																										
EGEE 6	st013c01	B	2007-09-07T13:45:00z	  +2.503	 +0.998		2003.0	 1	 34.965	5.492	238.70	 0.01		20.403	  1.34	22.06																										
EGEE 6	st014c01	B	2007-09-07T18:45:00z	  +2.503	 +0.497		   1.7	11	 35.449	4.540	198.10	 0.00		0.029	  0.03	 0.71																										
EGEE 6	st014c01	B	2007-09-07T18:45:00z	  +2.503	 +0.497		  10.6	10	 35.443	4.537	198.00	 0.02		0.033	  0.04	 0.75																										
EGEE 6	st014c01	B	2007-09-07T18:45:00z	  +2.503	 +0.497		  20.0	 9	 35.444	4.554	198.70	 0.02		0.021	  0.03	 0.77																										
EGEE 6	st014c01	B	2007-09-07T18:45:00z	  +2.503	 +0.497		  40.0	 8	 35.541	4.380	191.00	 0.08		2.373	  0.24	 1.57																										
EGEE 6	st014c01	B	2007-09-07T18:45:00z	  +2.503	 +0.497		  60.0	 7	 35.715	3.666	159.60	 0.35		10.308	  0.78	 3.96																										
EGEE 6	st014c01	B	2007-09-07T18:45:00z	  +2.503	 +0.497		  78.0	 6	 35.656	3.058	133.10	 0.43		14.644	  1.03	 5.27																										
EGEE 6	st014c01	B	2007-09-07T18:45:00z	  +2.503	 +0.497		 100.4	 5	 35.606	3.206	139.50	 0.05		14.838	  1.05	 5.43																										
EGEE 6	st014c01	B	2007-09-07T18:45:00z	  +2.503	 +0.497		 100.4	 4	 35.606	3.198	139.20	 0.05		14.960	  1.05	 5.73																										
EGEE 6	st014c01	B	2007-09-07T18:45:00z	  +2.503	 +0.497		 601.5	 3	 34.590	2.614	113.70	 0.00		34.265	  2.21	22.31																										
EGEE 6	st014c01	B	2007-09-07T18:45:00z	  +2.503	 +0.497		1001.0	 2	 34.618	3.414	148.40	 0.00		32.628	  2.19	30.72																										
EGEE 6	st014c01	B	2007-09-07T18:45:00z	  +2.503	 +0.497		2003.0	 1	 34.967	5.439	236.40	 0.00		20.081	  1.33	21.63																										
EGEE 6	st015c01	B	2007-09-07T23:30:00z	  +2.500	 -0.001		   1.7	11	 35.429	4.577	199.70	 0.00		0.058	  0.03	 0.56																										
EGEE 6	st015c01	B	2007-09-07T23:30:00z	  +2.500	 -0.001		  10.0	10	 35.429	4.549	198.50	 0.00		0.067	  0.04	 0.62																										
EGEE 6	st015c01	B	2007-09-07T23:30:00z	  +2.500	 -0.001		  20.0	 9	 35.425			 0.00		0.058	  0.03	 0.65																										
EGEE 6	st015c01	B	2007-09-07T23:30:00z	  +2.500	 -0.001		  40.0	 8	 35.437	4.617	201.40	 0.01		0.429	  0.07	 0.75																										
EGEE 6	st015c01	B	2007-09-07T23:30:00z	  +2.500	 -0.001		  60.0	 7	 35.818	3.579	155.80	 0.21		11.073	  0.83	 3.83																										
EGEE 6	st015c01	B	2007-09-07T23:30:00z	  +2.500	 -0.001		  80.0	 6	 35.684	3.639	158.40	 0.08		12.091	  0.89	 4.87																										
EGEE 6	st015c01	B	2007-09-07T23:30:00z	  +2.500	 -0.001		  80.0	 5	 35.683			 0.07		12.230	  0.90	 4.70																										
EGEE 6	st015c01	B	2007-09-07T23:30:00z	  +2.500	 -0.001		 100.0	 4	 35.646	3.600	156.70	 0.07		12.686	  0.94	 5.04																										
EGEE 6	st015c01	B	2007-09-07T23:30:00z	  +2.500	 -0.001		 599.7	 3	 34.594			 0.00		33.553	  2.16	21.56																										
EGEE 6	st015c01	B	2007-09-07T23:30:00z	  +2.500	 -0.001		 999.9	 2	 34.619	3.497	152.00	 0.01		32.328	  2.20	29.47																										
EGEE 6	st015c01	B	2007-09-07T23:30:00z	  +2.500	 -0.001		2002.0	 1	 34.967	5.686	247.10	 0.01		19.846	  1.34	21.54																										
EGEE 6	st016c01	B	2007-09-08T04:45:00z	  +2.501	 -0.500		   1.7	11	 35.375	4.593	200.40	 0.00		0.029	  0.03	 0.90																										
EGEE 6	st016c01	B	2007-09-08T04:45:00z	  +2.501	 -0.500		   1.8	10	 35.376	4.454	194.40	 0.00		0.029	  0.03	 0.92																										
EGEE 6	st016c01	B	2007-09-08T04:45:00z	  +2.501	 -0.500		  10.4	 9	 35.375	4.574	199.60	 0.00		0.035	  0.05	 0.86																										
EGEE 6	st016c01	B	2007-09-08T04:45:00z	  +2.501	 -0.500		  19.7	 8	 35.376	4.580	199.80	 0.00		0.025	  0.03	 0.90																										
EGEE 6	st016c01	B	2007-09-08T04:45:00z	  +2.501	 -0.500		  59.8	 7	 35.778	3.373	146.80	 0.34		11.564	  0.87	 4.55																										
EGEE 6	st016c01	B	2007-09-08T04:45:00z	  +2.501	 -0.500		  59.8	 6	 35.778	3.400	148.00	 0.33		11.548	  0.88	 4.34																										
EGEE 6	st016c01	B	2007-09-08T04:45:00z	  +2.501	 -0.500		  79.3	 5	 35.653	3.088	134.40	 0.34		13.894	  1.03	 5.17																										
EGEE 6	st016c01	B	2007-09-08T04:45:00z	  +2.501	 -0.500		  99.0	 4	 35.608	3.199	139.20	 0.09		14.597	  1.06	 5.79																										
EGEE 6	st016c01	B	2007-09-08T04:45:00z	  +2.501	 -0.500		 599.8	 3	 34.605	2.532	110.10	 0.01		33.383	  2.19	21.45																										
EGEE 6	st016c01	B	2007-09-08T04:45:00z	  +2.501	 -0.500		1000.2	 2	 34.627	5.384	234.10	 0.01		31.718	  2.17	30.49																										
EGEE 6	st016c01	B	2007-09-08T04:45:00z	  +2.501	 -0.500		2004.0	 1	 34.967	5.468	237.70	 0.01		19.504	  1.35	21.56																										
EGEE 6	st017c01	B	2007-09-08T09:45:00z	  +2.502	 -1.002		   1.6	11	 35.376	4.564	199.20	 0.00		0.039	  0.03	 0.65																										
EGEE 6	st017c01	B	2007-09-08T09:45:00z	  +2.502	 -1.002		   9.0	10	 35.375	4.562	199.10	 0.00		0.039	  0.02	 0.75																										
EGEE 6	st017c01	B	2007-09-08T09:45:00z	  +2.502	 -1.002		  20.0	 9	 35.375	4.562	199.10	 0.00		0.049	  0.08	 0.78																										
EGEE 6	st017c01	B	2007-09-08T09:45:00z	  +2.502	 -1.002		  40.0	 8	 35.404	4.546	198.40	 0.00		0.241	  0.04	 0.85																										
EGEE 6	st017c01	B	2007-09-08T09:45:00z	  +2.502	 -1.002		  40.0	 7	 35.404	4.538	198.00	 0.00		0.221	  0.04	 0.82																										
EGEE 6	st017c01	B	2007-09-08T09:45:00z	  +2.502	 -1.002		  59.0	 6	 35.722	3.546	154.40	 0.38		10.403	  0.82	 4.11																										
EGEE 6	st017c01	B	2007-09-08T09:45:00z	  +2.502	 -1.002		  81.0	 5	 35.727	3.185	138.60	 0.59		13.227	  0.99	 4.83																										
EGEE 6	st017c01	B	2007-09-08T09:45:00z	  +2.502	 -1.002		 100.0	 4	 35.650	3.065	133.40	 0.06		14.716	  1.07	 5.50																										
EGEE 6	st017c01	B	2007-09-08T09:45:00z	  +2.502	 -1.002		 600.0	 3	 34.597	2.814	122.40	 0.00		31.932	  2.08	20.21																										
EGEE 6	st017c01	B	2007-09-08T09:45:00z	  +2.502	 -1.002		1000.0	 2	 34.633	3.463	150.60	 0.00		31.524	  2.16	30.48																										
EGEE 6	st017c01	B	2007-09-08T09:45:00z	  +2.502	 -1.002		2003.0	 1	 34.961	5.390	234.30	 0.00		19.993	  1.37	23.35																										
EGEE 6	st018c01	B	2007-09-08T14:45:00z	  +2.502	 -1.500		   1.8	11	 35.402	4.576	199.70	 0.00		0.027	  0.02	 0.68																										
EGEE 6	st018c01	B	2007-09-08T14:45:00z	  +2.502	 -1.500		  11.0	10	 35.400			 0.02		0.043	  0.03	 0.73																										
EGEE 6	st018c01	B	2007-09-08T14:45:00z	  +2.502	 -1.500		  20.0	 9	 35.406	4.594	200.50	 0.02		0.042	  0.02	 0.75																										
EGEE 6	st018c01	B	2007-09-08T14:45:00z	  +2.502	 -1.500		  20.0	 8	 35.408	4.621	201.60	 0.00		0.027	  0.03	 0.77																										
EGEE 6	st018c01	B	2007-09-08T14:45:00z	  +2.502	 -1.500		  39.0	 7	 35.443	4.641	202.50	 0.02		0.300	  0.06	 0.95																										
EGEE 6	st018c01	B	2007-09-08T14:45:00z	  +2.502	 -1.500		  60.0	 6	 35.848	3.311	144.10	 0.46		11.224	  0.89	 3.93																										
EGEE 6	st018c01	B	2007-09-08T14:45:00z	  +2.502	 -1.500		  80.0	 5	 35.754	2.920	127.10	 0.04		14.466	  1.03	 5.21																										
EGEE 6	st018c01	B	2007-09-08T14:45:00z	  +2.502	 -1.500		  98.0	 4	 35.644	2.589	112.70	 0.01		17.078	  1.18	 5.86																										
EGEE 6	st018c01	B	2007-09-08T14:45:00z	  +2.502	 -1.500		 600.0	 3	 34.616			 0.00		30.300	  2.02	18.66																										
EGEE 6	st018c01	B	2007-09-08T14:45:00z	  +2.502	 -1.500		 998.0	 2	 34.606	3.415	148.50	 0.00		31.700	  2.19	30.98																										
EGEE 6	st018c01	B	2007-09-08T14:45:00z	  +2.502	 -1.500		2204.0	 1	 34.956			 0.00		19.914	  1.37	23.82																										
EGEE 6	st019c01	B	2007-09-09T20:00:00z	  -0.001	 -5.003		   2.1	10	 35.400	4.812	209.80	 0.00		0.078	  0.20	 1.52																										
EGEE 6	st019c01	B	2007-09-09T20:00:00z	  -0.001	 -5.003		  10.3	 9	 35.406	4.798	209.20	 0.00		0.098	  0.20	 1.57																										
EGEE 6	st019c01	B	2007-09-09T20:00:00z	  -0.001	 -5.003		  10.8	 8	 35.408	4.816	210.00	 0.00		0.127	  0.20	 1.72																										
EGEE 6	st019c01	B	2007-09-09T20:00:00z	  -0.001	 -5.003		  21.2	 7	 35.443	4.764	207.70	 0.05		0.458	  0.23	 1.70																										
EGEE 6	st019c01	B	2007-09-09T20:00:00z	  -0.001	 -5.003		  41.5	 6	 35.848	2.725	118.70	 0.43		13.506	  1.00	 3.99																										
EGEE 6	st019c01	B	2007-09-09T20:00:00z	  -0.001	 -5.003		  60.7	 5	 35.754	2.260	 98.30	 0.02		18.331	  1.25	 5.48																										
EGEE 6	st019c01	B	2007-09-09T20:00:00z	  -0.001	 -5.003		  80.2	 4	 35.644	1.941	 84.50	 0.01		21.336	  1.41	 7.02																										
EGEE 6	st019c01	B	2007-09-09T20:00:00z	  -0.001	 -5.003		 101.3	 3	 34.616	2.452	106.70	 0.00		19.796	  1.35	 6.84																										
EGEE 6	st019c01	B	2007-09-09T20:00:00z	  -0.001	 -5.003		 299.9	 2	 34.606	1.600	 69.60	 0.00		29.345	  1.86	12.80																										
EGEE 6	st019c01	B	2007-09-09T20:00:00z	  -0.001	 -5.003		 500.0	 1	 34.956	1.617	 70.30	 0.00		35.501	  2.32	20.64																										
EGEE 6	st020c01	B	2007-09-10T00:30:00z	  -0.001	 -4.500		   1.7	10	 35.700	4.789	208.80	 0.00		0.059	  0.19	 1.31																										
EGEE 6	st020c01	B	2007-09-10T00:30:00z	  -0.001	 -4.500		   1.7	 9	 35.700	4.781	208.40	 0.00		0.067	  0.19	 1.33																										
EGEE 6	st020c01	B	2007-09-10T00:30:00z	  -0.001	 -4.500		  10.0	 8	 35.702	4.736	206.50	 0.00		0.107	  0.19	 1.41																										
EGEE 6	st020c01	B	2007-09-10T00:30:00z	  -0.001	 -4.500		  19.0	 7	 35.731	4.723	205.90	 0.04		0.416	  0.23	 1.50																										
EGEE 6	st020c01	B	2007-09-10T00:30:00z	  -0.001	 -4.500		  40.0	 6	 35.819	2.676	116.50	 0.26		14.323	  1.05	 4.32																										
EGEE 6	st020c01	B	2007-09-10T00:30:00z	  -0.001	 -4.500		  59.0	 5	 35.719	2.628	114.40	 0.16		15.820	  1.14	 5.18																										
EGEE 6	st020c01	B	2007-09-10T00:30:00z	  -0.001	 -4.500		  79.0	 4	 35.682	2.593	112.80	 0.09		16.393	  1.16	 5.57																										
EGEE 6	st020c01	B	2007-09-10T00:30:00z	  -0.001	 -4.500		  99.0	 3	 35.645	2.635	114.70	 0.01		16.591	  1.17	 5.61																										
EGEE 6	st020c01	B	2007-09-10T00:30:00z	  -0.001	 -4.500		 300.0	 2	 35.009	1.720	 74.80	 0.00		28.143	  1.85	12.38																										
EGEE 6	st020c01	B	2007-09-10T00:30:00z	  -0.001	 -4.500		 500.0	 1	 34.668	1.731	 75.30	 0.00		34.719	  2.31	20.85																										
EGEE 6	st021c01	B	2007-09-10T04:30:00z	  +0.001	 -3.999		   2.0	10	 35.687	4.768	207.90	 0.00		0.049	  0.19	 1.38																										
EGEE 6	st021c01	B	2007-09-10T04:30:00z	  +0.001	 -3.999		  10.2	 9	 35.693	4.745	206.90	 0.00		0.107	  0.20	 1.42																										
EGEE 6	st021c01	B	2007-09-10T04:30:00z	  +0.001	 -3.999		  19.3	 8	 35.832	4.164	181.40	 0.31		4.525	  0.50	 2.47																										
EGEE 6	st021c01	B	2007-09-10T04:30:00z	  +0.001	 -3.999		  40.5	 7	 35.859	2.950	128.40	 0.07		12.907	  0.95	 4.09																										
EGEE 6	st021c01	B	2007-09-10T04:30:00z	  +0.001	 -3.999		  61.3	 6	 35.777	2.688	117.00	 0.03		14.884	  1.07	 4.93																										
EGEE 6	st021c01	B	2007-09-10T04:30:00z	  +0.001	 -3.999		  79.3	 5	 35.696	2.591	112.80	 0.02		16.069	  1.17	 5.66																										
EGEE 6	st021c01	B	2007-09-10T04:30:00z	  +0.001	 -3.999		  97.4	 4	 35.678	2.640	114.90	 0.01		16.047	  1.15	 5.78																										
EGEE 6	st021c01	B	2007-09-10T04:30:00z	  +0.001	 -3.999		 299.0	 3	 34.959	1.475	 64.10	 0.00		29.511	  1.93	13.02																										
EGEE 6	st021c01	B	2007-09-10T04:30:00z	  +0.001	 -3.999		 503.0	 2	 34.647	1.851	 80.50	 0.00		34.036	  2.29	20.42																										
EGEE 6	st021c01	B	2007-09-10T04:30:00z	  +0.001	 -3.999		 503.0	 1	 34.647	1.856	 80.70	 0.00		34.094	  2.31	21.31																										
EGEE 6	st022c01	B	2007-09-10T12:00:00z	  +0.002	 -2.998		   1.6	10	 35.763	4.814	209.90	 0.03		0.591	  0.23	 1.84																										
EGEE 6	st022c01	B	2007-09-10T12:00:00z	  +0.002	 -2.998		   9.7	 9	 35.756	4.794	209.00	 0.05		0.807	  0.25	 1.90																										
EGEE 6	st022c01	B	2007-09-10T12:00:00z	  +0.002	 -2.998		  20.0	 8	 35.725	4.709	205.20	 0.07		1.790	  0.29	 2.09																										
EGEE 6	st022c01	B	2007-09-10T12:00:00z	  +0.002	 -2.998		  40.0	 7	 35.698	3.247	141.30	 0.27		12.034	  0.92	 4.61																										
EGEE 6	st022c01	B	2007-09-10T12:00:00z	  +0.002	 -2.998		  59.0	 6	 35.665	3.115	135.60	 0.44		14.037	  1.07	 5.15																										
EGEE 6	st022c01	B	2007-09-10T12:00:00z	  +0.002	 -2.998		  80.0	 5	 35.591	3.041	132.30	 0.11		15.298	  1.10	 5.85																										
EGEE 6	st022c01	B	2007-09-10T12:00:00z	  +0.002	 -2.998		 100.0	 4	 35.580	3.125	136.00	 0.08		15.461	  1.15	 6.21																										
EGEE 6	st022c01	B	2007-09-10T12:00:00z	  +0.002	 -2.998		 100.0	 3	 35.580			 0.07		15.272	  1.14	 6.14																										
EGEE 6	st022c01	B	2007-09-10T12:00:00z	  +0.002	 -2.998		 300.0	 2	 35.158	1.810	 78.70	 0.02		25.325	  1.72	10.10																										
EGEE 6	st022c01	B	2007-09-10T12:00:00z	  +0.002	 -2.998		 500.0	 1	 34.648	1.862	 81.00	 0.01		34.916	  2.37	21.62																										
EGEE 6	st023c01	B	2007-09-10T19:45:00z	  -0.002	 -2.002		   1.6	11	 35.647	4.795	209.10	 0.02		0.057	  0.16	 1.19																										
EGEE 6	st023c01	B	2007-09-10T19:45:00z	  -0.002	 -2.002		  11.5	10	 35.646	4.786	208.70	 0.01		0.060	  0.16	 1.23																										
EGEE 6	st023c01	B	2007-09-10T19:45:00z	  -0.002	 -2.002		  20.8	 9	 35.656	4.773	208.10	 0.03		0.364	  0.20	 1.37																										
EGEE 6	st023c01	B	2007-09-10T19:45:00z	  -0.002	 -2.002		  41.1	 8	 35.675	3.803	165.70	 0.28		6.693	  0.65	 3.01																										
EGEE 6	st023c01	B	2007-09-10T19:45:00z	  -0.002	 -2.002		  60.5	 7	 35.634	3.061	133.20	 0.29		13.816	  1.09	 5.34																										
EGEE 6	st023c01	B	2007-09-10T19:45:00z	  -0.002	 -2.002		  80.8	 6	 35.564	3.088	134.40	 0.04		14.484	  1.12	 5.87																										
EGEE 6	st023c01	B	2007-09-10T19:45:00z	  -0.002	 -2.002		  80.3	 5	 35.561	3.104	135.10	 0.03		14.038	  1.12	 5.91																										
EGEE 6	st023c01	B	2007-09-10T19:45:00z	  -0.002	 -2.002		  99.1	 4	 35.545	3.111	135.40	 0.02		14.341	  1.12	 5.95																										
EGEE 6	st023c01	B	2007-09-10T19:45:00z	  -0.002	 -2.002		 302.1	 3	 35.067	1.915	 83.30	 0.00		25.120	  1.77	11.25																										
EGEE 6	st023c01	B	2007-09-10T19:45:00z	  -0.002	 -2.002		 599.9	 2	 34.564	2.611	113.50	 0.01		31.849	  2.28	22.50																										
EGEE 6	st023c01	B	2007-09-10T19:45:00z	  -0.002	 -2.002		1001.3	 1	 34.616	3.454	150.20	 0.00		29.752	  2.24	31.45																										
EGEE 6	st024c01	B	2007-09-11T00:30:00z	  +0.001	 -1.501		   1.0	11	 35.444	4.624	201.70	 0.00		0.195	  0.03	 0.75																										
EGEE 6	st024c01	B	2007-09-11T00:30:00z	  +0.001	 -1.501		  10.0	10	 35.447	4.508	196.70	 0.00		0.254	  0.03	 0.84																										
EGEE 6	st024c01	B	2007-09-11T00:30:00z	  +0.001	 -1.501		  21.0	 9	 35.523	4.700	205.00	 0.01		0.430	  0.08	 1.17																										
EGEE 6	st024c01	B	2007-09-11T00:30:00z	  +0.001	 -1.501		  40.0	 8	 35.680	3.294	143.40	 0.52		10.318	  0.88	 3.86																										
EGEE 6	st024c01	B	2007-09-11T00:30:00z	  +0.001	 -1.501		  60.0	 7	 35.636	2.929	127.50	 0.10		14.606	  1.13	 5.57																										
EGEE 6	st024c01	B	2007-09-11T00:30:00z	  +0.001	 -1.501		  60.0	 6	 35.632	2.956	128.70	 0.09		14.544	  1.11	 5.58																										
EGEE 6	st024c01	B	2007-09-11T00:30:00z	  +0.001	 -1.501		  80.0	 5	 35.574	3.088	134.40	 0.05		14.501	  1.12	 5.89																										
EGEE 6	st024c01	B	2007-09-11T00:30:00z	  +0.001	 -1.501		 100.0	 4	 35.568	3.230	140.60	 0.04		14.094	  1.10	 6.04																										
EGEE 6	st024c01	B	2007-09-11T00:30:00z	  +0.001	 -1.501		 300.0	 3	 34.983	1.565	 68.10	 0.00		28.776	  1.97	13.49																										
EGEE 6	st024c01	B	2007-09-11T00:30:00z	  +0.001	 -1.501		 600.0	 2	 34.566	2.909	126.50	 0.00		30.332	  2.12	21.06																										
EGEE 6	st024c01	B	2007-09-11T00:30:00z	  +0.001	 -1.501		1002.0	 1	 34.593	3.472	151.00	 0.00		30.174	  2.26	31.44																										
EGEE 6	st025c01	B	2007-09-11T05:30:00z	  -0.001	 -0.998		   1.6	11	 35.399	4.625	201.80	 0.00		0.225	  0.03	 0.90																										
EGEE 6	st025c01	B	2007-09-11T05:30:00z	  -0.001	 -0.998		  11.6	10	 35.398	4.547	198.40	 0.00		0.215	  0.03	 0.85																										
EGEE 6	st025c01	B	2007-09-11T05:30:00z	  -0.001	 -0.998		  20.2	 9	 35.403	4.547	198.40	 0.00		0.253	  0.04	 0.88																										
EGEE 6	st025c01	B	2007-09-11T05:30:00z	  -0.001	 -0.998		  40.4	 8	 35.772	3.908	170.20	 0.46		6.404	  0.53	 2.81																										
EGEE 6	st025c01	B	2007-09-11T05:30:00z	  -0.001	 -0.998		  40.3	 7	 35.779	3.901	169.90	 0.46		6.524	  0.54	 2.92																										
EGEE 6	st025c01	B	2007-09-11T05:30:00z	  -0.001	 -0.998		  60.3	 6	 35.745	2.878	125.30	 0.38		14.222	  1.00	 4.54																										
EGEE 6	st025c01	B	2007-09-11T05:30:00z	  -0.001	 -0.998		  80.9	 5	 35.575	3.434	149.50	 0.02		14.625	  1.00	 5.75																										
EGEE 6	st025c01	B	2007-09-11T05:30:00z	  -0.001	 -0.998		 100.6	 4	 35.562	3.335	145.10	 0.02		15.217	  1.04	 5.99																										
EGEE 6	st025c01	B	2007-09-11T05:30:00z	  -0.001	 -0.998		 600.7	 3	 34.581	2.819	122.60	 0.00		34.602	  2.14	21.72																										
EGEE 6	st025c01	B	2007-09-11T05:30:00z	  -0.001	 -0.998		1000.7	 2	 34.609	3.435	149.40	 0.00		33.654	  2.17	30.12																										
EGEE 6	st025c01	B	2007-09-11T05:30:00z	  -0.001	 -0.998		2002.8	 1	 34.960	5.424	235.70	 0.00		21.244	  1.37	23.19																										
EGEE 6	st026c01	B	2007-09-11T12:00:00z	  +0.000	 -0.499		   1.5	11	 35.422	4.542	198.20	 0.00		0.186	  0.04	 0.73																										
EGEE 6	st026c01	B	2007-09-11T12:00:00z	  +0.000	 -0.499		  10.0	10	 35.418	4.611	201.20	 0.00		0.215	  0.09	 0.76																										
EGEE 6	st026c01	B	2007-09-11T12:00:00z	  +0.000	 -0.499		  21.0	 9	 35.418	4.565	199.20	 0.00		0.243	  0.04	 0.79																										
EGEE 6	st026c01	B	2007-09-11T12:00:00z	  +0.000	 -0.499		  21.0	 8	 35.418	4.537	198.00	 0.01		0.238	  0.04	 0.73																										
EGEE 6	st026c01	B	2007-09-11T12:00:00z	  +0.000	 -0.499		  40.0	 7	 35.781	3.749	163.30	 0.29		9.403	  0.68	 3.60																										
EGEE 6	st026c01	B	2007-09-11T12:00:00z	  +0.000	 -0.499		  61.0	 6	 35.873	3.494	152.10	 0.31		10.864	  0.80	 3.98																										
EGEE 6	st026c01	B	2007-09-11T12:00:00z	  +0.000	 -0.499		  80.0	 5	 35.713	3.359	146.20	 0.09		14.679	  0.99	 4.93																										
EGEE 6	st026c01	B	2007-09-11T12:00:00z	  +0.000	 -0.499		 100.0	 4	 35.591	3.530	153.60	 0.03		14.475	  0.99	 5.62																										
EGEE 6	st026c01	B	2007-09-11T12:00:00z	  +0.000	 -0.499		 600.0	 3	 34.687	2.933	127.50	 0.00		33.987	  2.09	20.61																										
EGEE 6	st026c01	B	2007-09-11T12:00:00z	  +0.000	 -0.499		1000.0	 2	 34.607	3.404	148.00	 0.00		34.348	  2.21	30.34																										
EGEE 6	st026c01	B	2007-09-11T12:00:00z	  +0.000	 -0.499		2001.0	 1	 34.932	5.474	237.90	 0.00		21.127	  1.36	23.32																										
EGEE 6	st027c01	B	2007-09-11T18:15:00z	  -0.000	 -0.002		   1.4	11	 35.465	4.574	199.60	 0.00		0.034	  0.04	 0.87																										
EGEE 6	st027c01	B	2007-09-11T18:15:00z	  -0.000	 -0.002		  10.0	10	 35.458			 0.00		0.000	  0.03	 0.87																										
EGEE 6	st027c01	B	2007-09-11T18:15:00z	  -0.000	 -0.002		  10.0	 9	 35.458	4.620	201.60	 0.00		0.000	  0.03	 0.84																										
EGEE 6	st027c01	B	2007-09-11T18:15:00z	  -0.000	 -0.002		  20.0	 8	 35.460	4.567	199.20	 0.00		0.058	  0.03	 0.85																										
EGEE 6	st027c01	B	2007-09-11T18:15:00z	  -0.000	 -0.002		  40.0	 7	 35.796	3.659	159.30	 0.23		10.025	  0.75	 4.03																										
EGEE 6	st027c01	B	2007-09-11T18:15:00z	  -0.000	 -0.002		  60.0	 6	 35.784	3.530	153.60	 0.14		11.701	  0.86	 4.50																										
EGEE 6	st027c01	B	2007-09-11T18:15:00z	  -0.000	 -0.002		  80.0	 5	 35.707	3.579	155.80	 0.03		12.379	  0.91	 4.99																										
EGEE 6	st027c01	B	2007-09-11T18:15:00z	  -0.000	 -0.002		  99.9	 4	 35.643	3.588	156.10	 0.02		12.882	  0.93	 5.02																										
EGEE 6	st027c01	B	2007-09-11T18:15:00z	  -0.000	 -0.002		 299.2	 3	 34.579	2.953	128.40	 0.00		32.697	  2.12	21.55																										
EGEE 6	st027c01	B	2007-09-11T18:15:00z	  -0.000	 -0.002		1000.0	 2	 34.613	3.395	147.60	 0.00		33.215	  2.19	30.82																										
EGEE 6	st027c01	B	2007-09-11T18:15:00z	  -0.000	 -0.002		2002.0	 1	 34.967	5.474	237.90	 0.00		20.169	  1.35	21.22																										
EGEE 6	st028c01	B	2007-09-12T03:00:00z	  +0.000	 +0.502		   1.8	11	 35.424	4.620	201.60	 0.00		0.024	  0.03	 0.47																										
EGEE 6	st028c01	B	2007-09-12T03:00:00z	  +0.000	 +0.502		   1.8	10	 35.425	4.554	198.70	 0.01		0.011	  0.02	 0.42																										
EGEE 6	st028c01	B	2007-09-12T03:00:00z	  +0.000	 +0.502		  10.0	 9	 35.424	4.577	199.70	 0.01		0.003	  0.02	 0.45																										
EGEE 6	st028c01	B	2007-09-12T03:00:00z	  +0.000	 +0.502		  21.0	 8	 35.421	4.560	199.00	 0.01		0.010	  0.02	 0.48																										
EGEE 6	st028c01	B	2007-09-12T03:00:00z	  +0.000	 +0.502		  40.0	 7	 35.688	3.979	173.30	 0.16		5.942	  0.49	 2.69																										
EGEE 6	st028c01	B	2007-09-12T03:00:00z	  +0.000	 +0.502		  60.0	 6	 35.732	3.467	150.90	 0.09		12.826	  0.90	 4.74																										
EGEE 6	st028c01	B	2007-09-12T03:00:00z	  +0.000	 +0.502		  80.0	 5	 35.657	3.341	145.40	 0.06		14.317	  0.98	 5.42																										
EGEE 6	st028c01	B	2007-09-12T03:00:00z	  +0.000	 +0.502		 100.0	 4	 35.614	3.159	137.50	 0.06		15.479	  1.07	 5.76																										
EGEE 6	st028c01	B	2007-09-12T03:00:00z	  +0.000	 +0.502		 599.0	 3	 34.595	2.937	127.70	 0.01		33.092	  2.10	21.08																										
EGEE 6	st028c01	B	2007-09-12T03:00:00z	  +0.000	 +0.502		1000.0	 2	 34.614	3.427	149.00	 0.00		33.231	  2.18	29.99																										
EGEE 6	st028c01	B	2007-09-12T03:00:00z	  +0.000	 +0.502		2004.0	 1	 34.965	5.436	236.30	 0.01		20.309	  1.34	22.09																										
EGEE 6	st029c01	B	2007-09-12T08:00:00z	  +0.001	 +1.000		   1.3	11	 35.347	4.550	198.60	 0.01		0.012	  0.02	 0.54																										
EGEE 6	st029c01	B	2007-09-12T08:00:00z	  +0.001	 +1.000		  11.8	10	 35.347	4.535	197.90	 0.01		0.014	  0.02	 0.49																										
EGEE 6	st029c01	B	2007-09-12T08:00:00z	  +0.001	 +1.000		  20.0	 9	 35.344	4.560	199.00	 0.01		0.012	  0.02	 0.53																										
EGEE 6	st029c01	B	2007-09-12T08:00:00z	  +0.001	 +1.000		  40.0	 8	 35.496	4.370	190.60	 0.04		1.311	  0.13	 1.07																										
EGEE 6	st029c01	B	2007-09-12T08:00:00z	  +0.001	 +1.000		  61.0	 7	 35.658	2.979	129.70	 0.32		15.431	  1.06	 5.35																										
EGEE 6	st029c01	B	2007-09-12T08:00:00z	  +0.001	 +1.000		  80.0	 6	 35.623	3.159	137.50	 0.05		15.260	  1.01	 5.44																										
EGEE 6	st029c01	B	2007-09-12T08:00:00z	  +0.001	 +1.000		 100.0	 5	 35.574	3.022	131.50	 0.02		16.486	  1.12	 6.04																										
EGEE 6	st029c01	B	2007-09-12T08:00:00z	  +0.001	 +1.000		 601.0	 4	 34.577	2.884	125.40	 0.01		34.048	  2.18	22.37																										
EGEE 6	st029c01	B	2007-09-12T08:00:00z	  +0.001	 +1.000		1000.0	 3	 34.627	2.969	129.10	 0.00		33.154	  2.18	30.48																										
EGEE 6	st029c01	B	2007-09-12T08:00:00z	  +0.001	 +1.000		2002.0	 2	 34.963	5.374	233.60	 0.00		20.635	  1.37	22.56																										
EGEE 6	st029c01	B	2007-09-12T08:00:00z	  +0.001	 +1.000		2002.0	 1	 34.964	5.400	234.70	 0.00		20.752	  1.37	22.64																										
EGEE 6	st030c01	B	2007-09-12T13:30:00z	  +0.003	 +1.502		   1.3	11	 35.326	4.514	197.10	 0.02		0.009	  0.01	 0.71																										
EGEE 6	st030c01	B	2007-09-12T13:30:00z	  +0.003	 +1.502		  10.0	10	 35.320	4.544	198.30	 0.02		0.000	  0.00	 0.78																										
EGEE 6	st030c01	B	2007-09-12T13:30:00z	  +0.003	 +1.502		  20.0	 9	 35.325	4.543	198.30	 0.02		0.013	  0.00	 0.77																										
EGEE 6	st030c01	B	2007-09-12T13:30:00z	  +0.003	 +1.502		  39.0	 8	 35.488	4.355	190.00	 0.04		1.093	  0.12	 1.10																										
EGEE 6	st030c01	B	2007-09-12T13:30:00z	  +0.003	 +1.502		  60.0	 7	 35.807	2.935	127.80	 0.16		14.208	  0.98	 4.68																										
EGEE 6	st030c01	B	2007-09-12T13:30:00z	  +0.003	 +1.502		  80.0	 6	 35.688	3.150	137.10	 0.11		14.564	  1.00	 5.31																										
EGEE 6	st030c01	B	2007-09-12T13:30:00z	  +0.003	 +1.502		 100.0	 5	 35.645	3.134	136.40	 0.04		15.005	  1.04	 5.52																										
EGEE 6	st030c01	B	2007-09-12T13:30:00z	  +0.003	 +1.502		 600.0	 4	 34.614	2.405	104.60	 0.01		34.959	  2.24	22.09																										
EGEE 6	st030c01	B	2007-09-12T13:30:00z	  +0.003	 +1.502		 998.0	 3	 34.618	3.303	143.60	 0.02		33.091	  2.12	30.17																										
EGEE 6	st030c01	B	2007-09-12T13:30:00z	  +0.003	 +1.502		 998.0	 2	 34.618	3.332	144.90	 0.02		33.297	  2.22	30.23																										
EGEE 6	st030c01	B	2007-09-12T13:30:00z	  +0.003	 +1.502		2000.0	 1	 34.962	5.447	236.70	 0.01		20.431	  1.36	22.74																										
EGEE 6	st031c01	B	2007-09-21T14:30:00z	 -10.003	 -2.996		   1.5	11	 35.686	4.856	211.80	 0.05		0.115	  0.12	 1.39																										
EGEE 6	st031c01	B	2007-09-21T14:30:00z	 -10.003	 -2.996		   1.3	10	 35.686	4.964	216.50	 0.05		0.104	  0.12	 1.36																										
EGEE 6	st031c01	B	2007-09-21T14:30:00z	 -10.003	 -2.996		   5.2	 9	 35.687	5.261	229.50	 0.06		0.116	  0.12	 1.38																										
EGEE 6	st031c01	B	2007-09-21T14:30:00z	 -10.003	 -2.996		  22.4	 8	 35.707	4.788	208.80	 0.11		1.126	  0.20	 1.52																										
EGEE 6	st031c01	B	2007-09-21T14:30:00z	 -10.003	 -2.996		  43.6	 7	 35.703	2.907	126.60	 0.65		13.391	  0.98	 4.22																										
EGEE 6	st031c01	B	2007-09-21T14:30:00z	 -10.003	 -2.996		  57.2	 6	 35.666	2.495	108.60	 0.18		17.368	  1.16	 5.30																										
EGEE 6	st031c01	B	2007-09-21T14:30:00z	 -10.003	 -2.996		  78.4	 5	 35.627	2.516	109.50	 0.07		17.992	  1.19	 5.87																										
EGEE 6	st031c01	B	2007-09-21T14:30:00z	 -10.003	 -2.996		  98.7	 4	 35.571	2.398	104.40	 0.04		19.042	  1.25	 6.16																										
EGEE 6	st031c01	B	2007-09-21T14:30:00z	 -10.003	 -2.996		 291.0	 3	 35.149	2.367	103.00	 0.03		24.145	  1.54	 9.44																										
EGEE 6	st031c01	B	2007-09-21T14:30:00z	 -10.003	 -2.996		 513.0	 2	 34.605	2.695	117.20	 0.03		33.283	  2.11	19.27																										
EGEE 6	st031c01	B	2007-09-21T14:30:00z	 -10.003	 -2.996		 514.3	 1	 34.607	2.719	118.20	 0.02		33.181	  2.12	19.94																										
EGEE 6	st032c01	B	2007-09-21T19:00:00z	 -10.001	 -2.496		   1.8	11	 35.727	4.885	213.10	 0.06		0.193	  0.13	 1.70																										
EGEE 6	st032c01	B	2007-09-21T19:00:00z	 -10.001	 -2.496		   1.7	10	 35.727	4.824	210.40	 0.06		0.252	  0.13	 1.78																										
EGEE 6	st032c01	B	2007-09-21T19:00:00z	 -10.001	 -2.496		   9.9	 9	 35.736	4.831	210.70	 0.07		0.294	  0.13	 1.65																										
EGEE 6	st032c01	B	2007-09-21T19:00:00z	 -10.001	 -2.496		  20.1	 8	 35.801	4.741	206.70	 0.12		0.699	  0.16	 1.65																										
EGEE 6	st032c01	B	2007-09-21T19:00:00z	 -10.001	 -2.496		  39.9	 7	 35.781	4.328	188.60	 0.25		3.180	  0.38	 2.06																										
EGEE 6	st032c01	B	2007-09-21T19:00:00z	 -10.001	 -2.496		  59.4	 6	 35.653	2.670	116.20	 0.67		15.624	  1.11	 5.10																										
EGEE 6	st032c01	B	2007-09-21T19:00:00z	 -10.001	 -2.496		  80.5	 5	 35.574	2.413	105.00	 0.06		19.017	  1.26	 6.27																										
EGEE 6	st032c01	B	2007-09-21T19:00:00z	 -10.001	 -2.496		 100.5	 4	 35.530	2.371	103.20	 0.04		19.528	  1.28	 6.51																										
EGEE 6	st032c01	B	2007-09-21T19:00:00z	 -10.001	 -2.496		 300.3	 3	 35.124	2.339	101.80	 0.03		24.631	  1.58	 9.91																										
EGEE 6	st032c01	B	2007-09-21T19:00:00z	 -10.001	 -2.496		 300.5	 2	 35.123	2.343	101.90	 0.04		24.752	  1.60	 9.94																										
EGEE 6	st032c01	B	2007-09-21T19:00:00z	 -10.001	 -2.496		 502.4	 1	 34.591	2.795	121.60	 0.03		33.098	  2.13	20.52																										
EGEE 6	st033c01	B	2007-09-21T23:00:00z	 -10.002	 -2.002		   1.7	10	 35.746	4.725	206.10	 0.09		0.589	  0.16	 1.50																										
EGEE 6	st033c01	B	2007-09-21T23:00:00z	 -10.002	 -2.002		  10.0	 9	 35.746	4.723	206.00	 0.09		0.586	  0.17	 1.42																										
EGEE 6	st033c01	B	2007-09-21T23:00:00z	 -10.002	 -2.002		  19.4	 8	 35.757	4.728	206.20	 0.09		0.594	  0.16	 1.53																										
EGEE 6	st033c01	B	2007-09-21T23:00:00z	 -10.002	 -2.002		  40.9	 7	 35.859	4.089	178.20	 0.81		3.544	  0.42	 1.92																										
EGEE 6	st033c01	B	2007-09-21T23:00:00z	 -10.002	 -2.002		  59.3	 6	 35.723	3.164	137.80	 0.73		11.051	  0.89	 3.78																										
EGEE 6	st033c01	B	2007-09-21T23:00:00z	 -10.002	 -2.002		  79.0	 5	 35.595	2.332	101.50	 0.08		19.030	  1.27	 5.98																										
EGEE 6	st033c01	B	2007-09-21T23:00:00z	 -10.002	 -2.002		  99.0	 4	 35.548	2.336	101.70	 0.04		19.796	  1.31	 6.56																										
EGEE 6	st033c01	B	2007-09-21T23:00:00z	 -10.002	 -2.002		  99.0	 3	 35.550	2.303	100.20	 0.04		19.810	  1.31	 6.58																										
EGEE 6	st033c01	B	2007-09-21T23:00:00z	 -10.002	 -2.002		 299.3	 2	 35.107	2.312	100.60	 0.02		25.454	  1.63	10.14																										
EGEE 6	st033c01	B	2007-09-21T23:00:00z	 -10.002	 -2.002		 499.1	 1	 34.569	2.953	128.40	 0.01		32.986	  2.12	20.93																										
EGEE 6	st034c01	B	2007-09-22T03:20:00z	 -10.001	 -1.500		   1.6	10	 35.717	4.769	208.00	 0.08		0.452	  0.15	 1.53																										
EGEE 6	st034c01	B	2007-09-22T03:20:00z	 -10.001	 -1.500		  10.1	 9	 35.719	4.744	206.90	 0.08		0.461	  0.15	 1.61																										
EGEE 6	st034c01	B	2007-09-22T03:20:00z	 -10.001	 -1.500		  19.8	 8	 35.738	4.744	206.90	 0.10		0.510	  0.15	 1.58																										
EGEE 6	st034c01	B	2007-09-22T03:20:00z	 -10.001	 -1.500		  39.7	 7	 35.853	4.601	200.60	 0.20		0.875	  0.20	 1.60																										
EGEE 6	st034c01	B	2007-09-22T03:20:00z	 -10.001	 -1.500		  49.0	 6	 35.887	4.448	193.90	 0.34		1.248	  0.24	 1.61																										
EGEE 6	st034c01	B	2007-09-22T03:20:00z	 -10.001	 -1.500		  79.2	 5	 35.782	3.026	131.80	 1.19		11.541	  0.91	 3.78																										
EGEE 6	st034c01	B	2007-09-22T03:20:00z	 -10.001	 -1.500		  79.8	 4	 35.782	3.002	130.70	 1.20		11.538	  0.90	 3.51																										
EGEE 6	st034c01	B	2007-09-22T03:20:00z	 -10.001	 -1.500		  98.5	 3	 35.621	2.390	104.00	 0.08		18.416	  1.24	 5.68																										
EGEE 6	st034c01	B	2007-09-22T03:20:00z	 -10.001	 -1.500		 303.4	 2	 35.053	2.260	 98.30	 0.03		26.325	  1.67	10.86																										
EGEE 6	st034c01	B	2007-09-22T03:20:00z	 -10.001	 -1.500		 500.9	 1	 34.575	2.952	128.40	 0.03		32.691	  2.11	20.56																										
EGEE 6	st035c01	B	2007-09-22T07:50:00z	 -10.000	 -0.996		   1.6	11	 35.751	4.741	206.80	 0.11		0.524	  0.15	 1.53																										
EGEE 6	st035c01	B	2007-09-22T07:50:00z	 -10.000	 -0.996		  10.2	10	 35.758	4.730	206.30	 0.13		0.566	  0.15	 1.54																										
EGEE 6	st035c01	B	2007-09-22T07:50:00z	 -10.000	 -0.996		  20.4	 9	 35.771	4.721	205.90	 0.14		0.622	  0.16	 1.53																										
EGEE 6	st035c01	B	2007-09-22T07:50:00z	 -10.000	 -0.996		  40.0	 8	 35.890	4.473	195.00	 0.35		1.205	  0.23	 1.58																										
EGEE 6	st035c01	B	2007-09-22T07:50:00z	 -10.000	 -0.996		  59.5	 7	 35.939	4.162	181.50	 0.86		2.171	  0.33	 1.71																										
EGEE 6	st035c01	B	2007-09-22T07:50:00z	 -10.000	 -0.996		  59.6	 6	 35.942	4.135	180.20	 0.89		2.277	  0.35	 1.59																										
EGEE 6	st035c01	B	2007-09-22T07:50:00z	 -10.000	 -0.996		  80.2	 5	 35.903	3.058	133.10	 0.13		12.362	  0.91	 4.13																										
EGEE 6	st035c01	B	2007-09-22T07:50:00z	 -10.000	 -0.996		  99.3	 4	 35.836	3.661	159.40	 0.09		10.679	  0.81	 4.26																										
EGEE 6	st035c01	B	2007-09-22T07:50:00z	 -10.000	 -0.996		 600.0	 3	 34.526	3.187	138.60	 0.05		33.283	  2.14	23.17																										
EGEE 6	st035c01	B	2007-09-22T07:50:00z	 -10.000	 -0.996		 998.6	 2	 34.573	3.391	147.40	 0.04		33.776	  2.27	31.11																										
EGEE 6	st035c01	B	2007-09-22T07:50:00z	 -10.000	 -0.996		2001.0	 1	 34.965	5.498	238.90	 0.04		20.050	  1.33	21.49																										
EGEE 6	st036c01	B	2007-09-23T00:30:00z	 -10.001	 -0.501		   1.8	11	 35.754	4.815	210.00	 0.09		0.452	  0.15	 1.55																										
EGEE 6	st036c01	B	2007-09-23T00:30:00z	 -10.001	 -0.501		  10.0	10	 35.770	4.756	207.40	 0.13		0.660	  0.16	 1.64																										
EGEE 6	st036c01	B	2007-09-23T00:30:00z	 -10.001	 -0.501		  20.0	 9	 35.811	4.609	201.00	 0.25		1.100	  0.20	 1.58																										
EGEE 6	st036c01	B	2007-09-23T00:30:00z	 -10.001	 -0.501		  40.0	 8	 35.932	4.229	184.40	 0.57		1.984	  0.29	 1.59																										
EGEE 6	st036c01	B	2007-09-23T00:30:00z	 -10.001	 -0.501		  40.0	 7	 35.934	4.230	184.40	 0.57		1.988	  0.29	 1.68																										
EGEE 6	st036c01	B	2007-09-23T00:30:00z	 -10.001	 -0.501		  60.0	 6	 36.111	3.998	174.20	 0.85		2.738	  0.36	 1.69																										
EGEE 6	st036c01	B	2007-09-23T00:30:00z	 -10.001	 -0.501		  76.0	 5	 36.325	3.813	166.10	 0.19		4.466	  0.42	 1.99																										
EGEE 6	st036c01	B	2007-09-23T00:30:00z	 -10.001	 -0.501		  98.0	 4	 36.092	3.682	160.30	 0.10		8.205	  0.65	 3.30																										
EGEE 6	st036c01	B	2007-09-23T00:30:00z	 -10.001	 -0.501		 595.0	 3	 34.566	3.074	133.70	 0.01		32.835	  2.10	22.14																										
EGEE 6	st036c01	B	2007-09-23T00:30:00z	 -10.001	 -0.501		1004.0	 2	 34.601	3.492	151.80	 0.01		33.016	  2.18	31.30																										
EGEE 6	st036c01	B	2007-09-23T00:30:00z	 -10.001	 -0.501		2013.0	 1																																		
EGEE 6	st037c01	B	2007-09-23T06:00:00z	  -9.998	 -0.006		   1.6	11	 35.752	4.797	209.20	 0.07		0.519	  0.15	 1.47																										
EGEE 6	st037c01	B	2007-09-23T06:00:00z	  -9.998	 -0.006		   9.0	10	 35.752	4.782	208.50	 0.07		0.521	  0.15	 1.41																										
EGEE 6	st037c01	B	2007-09-23T06:00:00z	  -9.998	 -0.006		  20.0	 9	 35.751	4.781	208.50	 0.07		0.563	  0.17	 1.50																										
EGEE 6	st037c01	B	2007-09-23T06:00:00z	  -9.998	 -0.006		  20.0	 8	 35.751	4.769	208.00	 0.08		0.592	  0.16	 1.50																										
EGEE 6	st037c01	B	2007-09-23T06:00:00z	  -9.998	 -0.006		  39.0	 7	 35.747	4.202	183.20	 0.11		0.963	  0.20	 1.52																										
EGEE 6	st037c01	B	2007-09-23T06:00:00z	  -9.998	 -0.006		  59.0	 6	 35.847	4.245	185.00	 0.43		2.461	  0.33	 1.68																										
EGEE 6	st037c01	B	2007-09-23T06:00:00z	  -9.998	 -0.006		  79.0	 5	 36.109	3.956	172.40	 0.60		3.105	  0.35	 1.79																										
EGEE 6	st037c01	B	2007-09-23T06:00:00z	  -9.998	 -0.006		  99.0	 4	 35.889	3.259	141.60	 0.09		11.289	  0.80	 3.82																										
EGEE 6	st037c01	B	2007-09-23T06:00:00z	  -9.998	 -0.006		 603.0	 3	 34.563	3.024	131.50	 0.03		32.750	  2.11	21.63																										
EGEE 6	st037c01	B	2007-09-23T06:00:00z	  -9.998	 -0.006		1001.0	 2	 34.623	3.491	151.80	 0.02		32.679	  2.18	31.10																										
EGEE 6	st037c01	B	2007-09-23T06:00:00z	  -9.998	 -0.006		2003.0	 1																																		
EGEE 6	st038c01	B	2007-09-23T12:30:00z	  -9.997	 +0.501		   1.9	11	 35.709	4.599	200.60	 0.06		0.556	  0.16	 1.31																										
EGEE 6	st038c01	B	2007-09-23T12:30:00z	  -9.997	 +0.501		   9.0	10	 35.709	4.741	206.80	 0.06		0.383	  0.17	 1.38																										
EGEE 6	st038c01	B	2007-09-23T12:30:00z	  -9.997	 +0.501		   9.0	 9	 35.709	4.749	207.10	 0.06		0.566	  0.17	 1.41																										
EGEE 6	st038c01	B	2007-09-23T12:30:00z	  -9.997	 +0.501		  21.0	 8	 35.708	4.736	206.50	 0.06		0.586	  0.16	 1.36																										
EGEE 6	st038c01	B	2007-09-23T12:30:00z	  -9.997	 +0.501		  39.0	 7	 35.708	4.718	205.80	 0.06		0.588	  0.17	 1.34																										
EGEE 6	st038c01	B	2007-09-23T12:30:00z	  -9.997	 +0.501		  52.0	 6	 35.711	4.698	204.90	 0.06		0.622	  0.17	 1.38																										
EGEE 6	st038c01	B	2007-09-23T12:30:00z	  -9.997	 +0.501		  79.0	 5	 35.968	3.654	159.20	 0.52		5.661	  0.47	 2.19																										
EGEE 6	st038c01	B	2007-09-23T12:30:00z	  -9.997	 +0.501		  96.0	 4	 35.783	2.782	121.20	 0.12		12.386	  0.87	 3.68																										
EGEE 6	st038c01	B	2007-09-23T12:30:00z	  -9.997	 +0.501		 598.0	 3	 34.566	3.017	131.20	 0.01		33.134	  2.13	22.16																										
EGEE 6	st038c01	B	2007-09-23T12:30:00z	  -9.997	 +0.501		 987.0	 2	 34.596	3.399	147.80	 0.02		33.489	  2.19	31.00																										
EGEE 6	st038c01	B	2007-09-23T12:30:00z	  -9.997	 +0.501		2012.0	 1	 34.963	5.508	239.40	 0.02		20.256	  1.34	22.42																										
EGEE 6	st039c01	B	2007-09-24T03:30:00z	 -10.000	 +1.006		   1.7	11	 35.507	4.570	199.40	 0.01		0.041	  0.03	 1.25																										
EGEE 6	st039c01	B	2007-09-24T03:30:00z	 -10.000	 +1.006		  10.0	10	 35.507	4.575	199.60	 0.01		0.038	  0.02	 1.23																										
EGEE 6	st039c01	B	2007-09-24T03:30:00z	 -10.000	 +1.006		  20.0	 9	 35.506	4.597	200.60	 0.01		0.026	  0.03	 1.15																										
EGEE 6	st039c01	B	2007-09-24T03:30:00z	 -10.000	 +1.006		  39.0	 8	 35.735	4.689	204.50	 0.05		0.455	  0.17	 1.69																										
EGEE 6	st039c01	B	2007-09-24T03:30:00z	 -10.000	 +1.006		  60.0	 7	 35.738	4.482	195.40	 0.19		1.333	  0.26	 1.78																										
EGEE 6	st039c01	B	2007-09-24T03:30:00z	 -10.000	 +1.006		  80.0	 6	 35.769	3.061	133.30	 0.67		10.991	  0.84	 3.63																										
EGEE 6	st039c01	B	2007-09-24T03:30:00z	 -10.000	 +1.006		 100.0	 5	 35.783	2.622	114.10	 0.11		15.754	  1.30	 4.92																										
EGEE 6	st039c01	B	2007-09-24T03:30:00z	 -10.000	 +1.006		 600.0	 4	 34.559	3.007	130.80	 0.01		33.171	  2.14	21.78																										
EGEE 6	st039c01	B	2007-09-24T03:30:00z	 -10.000	 +1.006		 998.0	 3	 34.612	3.384	147.10	 0.01		32.848	  2.21	29.29																										
EGEE 6	st039c01	B	2007-09-24T03:30:00z	 -10.000	 +1.006		2012.0	 2	 34.960	5.451	236.90	 0.01		20.167	  1.40	23.15																										
EGEE 6	st039c01	B	2007-09-24T03:30:00z	 -10.000	 +1.006		2013.0	 1	 34.960	5.455	237.10	 0.01		20.264	  1.35	23.24																										
EGEE 6	st040c01	B	2007-09-24T08:20:00z	  -9.996	 +1.503		   1.2	11	 35.499	4.614	201.30	 0.01		0.044	  0.01	 0.99																										
EGEE 6	st040c01	B	2007-09-24T08:20:00z	  -9.996	 +1.503		  10.0	10	 35.500	4.434	193.50	 0.02		0.030	  0.02	 1.07																										
EGEE 6	st040c01	B	2007-09-24T08:20:00z	  -9.996	 +1.503		  20.0	 9	 35.500	4.636	202.30	 0.02		0.029	  0.02	 1.04																										
EGEE 6	st040c01	B	2007-09-24T08:20:00z	  -9.996	 +1.503		  39.0	 8	 35.652	4.716	205.70	 0.03		0.061	  0.12	 1.51																										
EGEE 6	st040c01	B	2007-09-24T08:20:00z	  -9.996	 +1.503		  58.0	 7	 35.653	4.467	194.80	 0.10		2.162	  0.28	 1.97																										
EGEE 6	st040c01	B	2007-09-24T08:20:00z	  -9.996	 +1.503		  58.0	 6	 35.654	4.490	195.70	 0.09		2.166	  0.28	 1.91																										
EGEE 6	st040c01	B	2007-09-24T08:20:00z	  -9.996	 +1.503		  80.0	 5	 35.776	2.838	123.60	 0.54		12.097	  0.88	 3.94																										
EGEE 6	st040c01	B	2007-09-24T08:20:00z	  -9.996	 +1.503		  99.0	 4	 35.758	2.975	129.50	 0.09		14.804	  1.02	 4.73																										
EGEE 6	st040c01	B	2007-09-24T08:20:00z	  -9.996	 +1.503		 600.0	 3	 34.556	3.007	130.80	 0.02		33.427	  2.16	22.27																										
EGEE 6	st040c01	B	2007-09-24T08:20:00z	  -9.996	 +1.503		 999.0	 2	 34.637	3.414	148.40	 0.02		32.940	  2.18	29.37																										
EGEE 6	st040c01	B	2007-09-24T08:20:00z	  -9.996	 +1.503		2002.0	 1	 34.964	5.477	238.00	 0.02		20.274	  1.36	22.44																										
EGEE 6	st041c01	B	2007-09-24T10:30:00z	  -9.985	 +1.531		1006.0	11	 34.624	3.375	146.80	 0.03		32.955	  2.16	30.42																										
EGEE 6	st041c01	B	2007-09-24T10:30:00z	  -9.985	 +1.531		1006.0	10	 34.625	3.363	146.20	 0.03		32.866	  2.21	30.87																										
EGEE 6	st041c01	B	2007-09-24T10:30:00z	  -9.985	 +1.531		1006.0	 9	 34.624	3.359	146.10	 0.02		33.210	  2.19	30.35																										
EGEE 6	st041c01	B	2007-09-24T10:30:00z	  -9.985	 +1.531		1006.0	 8	 34.624	3.363	146.20	 0.02		32.908	  2.20	29.84																										
EGEE 6	st041c01	B	2007-09-24T10:30:00z	  -9.985	 +1.531		1006.0	 7	 34.623	3.375	146.80	 0.02		33.086	  2.22	30.82																										
EGEE 6	st041c01	B	2007-09-24T10:30:00z	  -9.985	 +1.531		1006.0	 6	 34.621	3.357	146.00	 0.02		33.182	  2.20	29.73																										
EGEE 6	st041c01	B	2007-09-24T10:30:00z	  -9.985	 +1.531		1005.0	 5	 34.619	3.362	146.20	 0.02		32.996	  2.21	30.66																										
EGEE 6	st041c01	B	2007-09-24T10:30:00z	  -9.985	 +1.531		1004.0	 4	 34.623	3.355	145.80	 0.02		33.084	  2.21	30.61																										
EGEE 6	st041c01	B	2007-09-24T10:30:00z	  -9.985	 +1.531		1004.0	 3	 35.000	3.360	146.00	 0.02		33.269	  2.24	30.67																										
EGEE 6	st041c01	B	2007-09-24T10:30:00z	  -9.985	 +1.531		1003.0	 2	 34.621	3.359	146.00	 0.01		33.180	  2.23	30.13																										
EGEE 6	st041c01	B	2007-09-24T10:30:00z	  -9.985	 +1.531		1003.0	 1	 34.621	3.368	146.40	 0.03		33.443	  2.22	30.67																										
