//ODV Spreadsheet file : /home/proussel/Documents/OUTILS/CTD/chimie/conversion/EGEE2_CHIMIE_odv.txt
//Data treated : 2020-09-24T16:18:20
//<InstrumentType>Chemical bottle analysis</InstrumentType>
//<Source>/home/proussel/Documents/OUTILS/CTD/chimie/conversion/EGEE2_CHIMIE.xlsx</Sources>
//<DataType>Bottles</DataType>
//<Creator>Pierre.Rousselot@ird.fr</Creator>
//
Cruise	Station	Type	yyyy-mm-ddThh:mm:ss	Longitude [degrees_east]	Latitude [degrees_north]	Bot. Depth [m]	DEPTH [m]	Bottle nb	PSAL [Psu]	DOX1 [ml/l]	DOX2 [micromole/kg]	NTIW [micromole/kg]	NTAW+NTIW [micromole/kg]	NTAW [micromole/kg]	PHOW [micromole/kg]	SLCW [micromole/kg]	CHC3 [microgramme/l]	CHCZ [microgramme/l]	PERP [microgramme/l]	BFUP [microgramme/l]	FUCP [microgramme/l]	NEXW [microgramme/l]	PXAP [microgramme/l]	VIOW [microgramme/l]	HFUP [microgramme/l]	DXAP [microgramme/l]	AXAP [microgramme/l]	TXAP [microgramme/l]	ZXAP [microgramme/l]	LUTW [microgramme/l]	CHBD [microgramme/l]	CH2P [microgramme/l]	CHLB [microgramme/l]	AACP [microgramme/l]	BBCP [microgramme/l]	PHEP [microgramme/l]	CHAD [microgramme/l]	CH1P [microgramme/l]	CPHL [microgramme/l]	PHEA [microgramme/l]	CXAP [microgramme/l]
EGEE 2	st001c01	B	2005-09-05T18:00:00z	  -0.048	 +0.025		   0.0	11	 35.638	4.740	206.80	 0.03		0.053	  0.05	 1.08																										
EGEE 2	st001c01	B	2005-09-05T18:00:00z	  -0.048	 +0.025		   9.0	10	 35.645	4.760	207.60	 0.03		0.052	  0.05	 1.04																										
EGEE 2	st001c01	B	2005-09-05T18:00:00z	  -0.048	 +0.025		  20.0	 9	 35.631	4.788	208.90	 0.03		0.029	  0.05	 1.04																										
EGEE 2	st001c01	B	2005-09-05T18:00:00z	  -0.048	 +0.025		  40.0	 8	 35.733	4.305	187.60	 0.17		4.533	  0.39	 2.75																										
EGEE 2	st001c01	B	2005-09-05T18:00:00z	  -0.048	 +0.025		  59.0	 7	 35.973	3.552	154.70	 0.15		9.747	  0.75	 3.83																										
EGEE 2	st001c01	B	2005-09-05T18:00:00z	  -0.048	 +0.025		  80.0	 6	 35.702	3.551	154.60	 0.07		14.013	  0.98	 5.37																										
EGEE 2	st001c01	B	2005-09-05T18:00:00z	  -0.048	 +0.025		 100.0	 5		3.286	143.10			14.013	  0.98	 5.37																										
EGEE 2	st001c01	B	2005-09-05T18:00:00z	  -0.048	 +0.025		 130.0	 4	 35.499	3.359	146.20	 0.04		16.817	  1.15	 6.55																										
EGEE 2	st001c01	B	2005-09-05T18:00:00z	  -0.048	 +0.025		 159.6	 3	 35.483	3.086	134.30	 0.05		17.258	  1.18	 6.61																										
EGEE 2	st001c01	B	2005-09-05T18:00:00z	  -0.048	 +0.025		 298.9	 2	 35.053	2.195	 95.50	 0.04		28.854	  1.79	12.14																										
EGEE 2	st001c01	B	2005-09-05T18:00:00z	  -0.048	 +0.025		1001.0	 1	 34.667	3.680	160.00	 0.03		32.440	  2.14	30.18																										
EGEE 2	st002c01	B	2005-09-09T18:30:00z	  -9.964	 -9.958		   1.3	11	 36.149	4.882	212.70	 0.00		0.000	  0.15	 1.13																										
EGEE 2	st002c01	B	2005-09-09T18:30:00z	  -9.964	 -9.958		  10.8	10	 36.150	4.878	212.60	 0.00		0.000	  0.16	 1.19																										
EGEE 2	st002c01	B	2005-09-09T18:30:00z	  -9.964	 -9.958		  19.5	 9	 36.150	4.876	212.50	 0.00		0.000	  0.17	 1.15																										
EGEE 2	st002c01	B	2005-09-09T18:30:00z	  -9.964	 -9.958		  39.6	 8	 36.143	4.897	213.40	 0.00		0.000	  0.16	 1.15																										
EGEE 2	st002c01	B	2005-09-09T18:30:00z	  -9.964	 -9.958		  59.5	 7	 36.488	4.852	211.40	 0.00		0.000	  0.15	 1.17																										
EGEE 2	st002c01	B	2005-09-09T18:30:00z	  -9.964	 -9.958		  80.9	 6	 36.680	4.769	207.70	 0.00		0.000	  0.16	 1.13																										
EGEE 2	st002c01	B	2005-09-09T18:30:00z	  -9.964	 -9.958		  99.9	 5	 36.367	4.099	178.50	 0.42		4.514	  0.55	 2.19																										
EGEE 2	st002c01	B	2005-09-09T18:30:00z	  -9.964	 -9.958		 129.8	 4	 35.578	2.580	112.30	 0.05		18.390	  1.24	 5.74																										
EGEE 2	st002c01	B	2005-09-09T18:30:00z	  -9.964	 -9.958		 159.1	 3	 35.363	2.306	100.40	 0.03		22.989	  1.51	 8.30																										
EGEE 2	st002c01	B	2005-09-09T18:30:00z	  -9.964	 -9.958		 299.1	 2	 34.878	1.727	 75.10	 0.03		32.762	  2.02	14.49																										
EGEE 2	st002c01	B	2005-09-09T18:30:00z	  -9.964	 -9.958		1001.7	 1	 34.580	3.605	156.70	 0.02		33.759	  2.25	34.17																										
EGEE 2	st003c01	B	2005-09-09T23:30:00z	 -10.008	 -9.487		   0.4	11	 35.980	4.925	214.60	 0.04		0.041	  0.18	 1.34																										
EGEE 2	st003c01	B	2005-09-09T23:30:00z	 -10.008	 -9.487		  10.5	10	 35.981	4.906	213.80	 0.04		0.042	  0.19	 1.31																										
EGEE 2	st003c01	B	2005-09-09T23:30:00z	 -10.008	 -9.487		  20.2	 9	 35.982	4.908	213.90	 0.03		0.073	  0.19	 1.28																										
EGEE 2	st003c01	B	2005-09-09T23:30:00z	 -10.008	 -9.487		  40.2	 8	 36.039	4.868	212.20	 0.03		0.008	  0.20	 1.18																										
EGEE 2	st003c01	B	2005-09-09T23:30:00z	 -10.008	 -9.487		  60.3	 7	 36.555	4.652	202.70	 0.07		0.001	  0.18	 1.13																										
EGEE 2	st003c01	B	2005-09-09T23:30:00z	 -10.008	 -9.487		  80.0	 6	 36.368	4.116	179.20	 0.47		4.513	  0.51	 2.02																										
EGEE 2	st003c01	B	2005-09-09T23:30:00z	 -10.008	 -9.487		 100.1	 5	 36.073	3.309	144.10	 0.14		11.024	  0.85	 3.41																										
EGEE 2	st003c01	B	2005-09-09T23:30:00z	 -10.008	 -9.487		 131.2	 4	 35.547	2.331	101.40	 0.04		20.661	  1.37	 6.55																										
EGEE 2	st003c01	B	2005-09-09T23:30:00z	 -10.008	 -9.487		 160.5	 3	 35.295	2.134	 92.90	 0.03		24.176	  1.58	 8.48																										
EGEE 2	st003c01	B	2005-09-09T23:30:00z	 -10.008	 -9.487		 301.0	 2	 34.875	1.542	 67.10	 0.03		33.391	  2.08	14.58																										
EGEE 2	st003c01	B	2005-09-09T23:30:00z	 -10.008	 -9.487		1001.0	 1	 34.575	3.671	159.60	 0.02		33.466	  2.23	33.59																										
EGEE 2	st004c01	B	2005-09-10T04:00:00z	 -10.000	 -8.999		   0.5	11	 35.991	4.871	212.30	 0.05		0.234	  0.17	 1.64																										
EGEE 2	st004c01	B	2005-09-10T04:00:00z	 -10.000	 -8.999		  10.0	10	 35.990	4.873	212.40	 0.05		0.234	  0.18	 1.54																										
EGEE 2	st004c01	B	2005-09-10T04:00:00z	 -10.000	 -8.999		  20.3	 9	 35.990	4.871	212.30	 0.05		0.241	  0.18	 1.42																										
EGEE 2	st004c01	B	2005-09-10T04:00:00z	 -10.000	 -8.999		  40.1	 8	 35.990	4.864	212.00	 0.06		0.228	  0.17	 1.49																										
EGEE 2	st004c01	B	2005-09-10T04:00:00z	 -10.000	 -8.999		  60.6	 7	 36.327	4.439	193.40	 0.70		1.132	  0.32	 1.58																										
EGEE 2	st004c01	B	2005-09-10T04:00:00z	 -10.000	 -8.999		  80.1	 6	 36.323	4.139	180.20	 0.58		5.413	  0.56	 2.26																										
EGEE 2	st004c01	B	2005-09-10T04:00:00z	 -10.000	 -8.999		 100.1	 5	 36.129	3.481	151.60	 0.15		9.895	  0.79	 3.22																										
EGEE 2	st004c01	B	2005-09-10T04:00:00z	 -10.000	 -8.999		 129.2	 4	 35.538	2.449	106.60	 0.04		20.297	  1.34	 6.66																										
EGEE 2	st004c01	B	2005-09-10T04:00:00z	 -10.000	 -8.999		 159.8	 3	 35.266	2.179	 94.80	 0.04		24.664	  1.58	 8.88																										
EGEE 2	st004c01	B	2005-09-10T04:00:00z	 -10.000	 -8.999		 300.7	 2	 34.874	1.695	 73.70	 0.04		32.845	  2.03	14.49																										
EGEE 2	st004c01	B	2005-09-10T04:00:00z	 -10.000	 -8.999		1017.0	 1	 34.609	3.919	170.40	 0.04		32.714	  2.15	33.33																										
EGEE 2	st005c01	B	2005-09-10T08:30:00z	 -10.000	 -8.495		   0.0	11	 35.910	4.852	211.50	 0.10		0.512	  0.22	 1.44																										
EGEE 2	st005c01	B	2005-09-10T08:30:00z	 -10.000	 -8.495		   9.0	10	 35.909	4.853	211.60	 0.10		0.514	  0.23	 1.46																										
EGEE 2	st005c01	B	2005-09-10T08:30:00z	 -10.000	 -8.495		  20.0	 9	 35.910	4.854	211.60	 0.11		0.500	  0.23	 1.46																										
EGEE 2	st005c01	B	2005-09-10T08:30:00z	 -10.000	 -8.495		  40.0	 8	 35.914	4.847	211.30	 0.11		0.478	  0.23	 1.46																										
EGEE 2	st005c01	B	2005-09-10T08:30:00z	 -10.000	 -8.495		  59.0	 7	 36.297	4.726	206.00	 0.06		0.129	  0.19	 1.29																										
EGEE 2	st005c01	B	2005-09-10T08:30:00z	 -10.000	 -8.495		  80.0	 6	 36.515	4.472	194.80	 0.32		1.388	  0.30	 1.49																										
EGEE 2	st005c01	B	2005-09-10T08:30:00z	 -10.000	 -8.495		 100.0	 5	 36.172	3.556	154.80	 0.18		8.951	  0.75	 2.95																										
EGEE 2	st005c01	B	2005-09-10T08:30:00z	 -10.000	 -8.495		 130.0	 4	 35.498	2.348	102.20	 0.04		21.435	  1.41	 6.90																										
EGEE 2	st005c01	B	2005-09-10T08:30:00z	 -10.000	 -8.495		 159.6	 3	 35.264	2.118	 92.20	 0.02		25.040	  1.60	 8.75																										
EGEE 2	st005c01	B	2005-09-10T08:30:00z	 -10.000	 -8.495		 298.9	 2	 34.885	1.806	 78.60	 0.01		32.127	  2.01	13.89																										
EGEE 2	st005c01	B	2005-09-10T08:30:00z	 -10.000	 -8.495		1001.0	 1	 34.558	3.466	150.70	 0.03		34.430	  2.29	33.20																										
EGEE 2	st006c01	B	2005-09-10T13:00:00z	  -9.999	 -7.998		   1.0	11	 35.978	4.878	212.70	 0.05		0.141	  0.19	 1.29																										
EGEE 2	st006c01	B	2005-09-10T13:00:00z	  -9.999	 -7.998		  10.0	10	 35.978	4.864	212.10	 0.06		0.140	  0.20	 1.30																										
EGEE 2	st006c01	B	2005-09-10T13:00:00z	  -9.999	 -7.998		  20.0	 9	 35.977	4.865	212.10	 0.06		0.142	  0.20	 1.28																										
EGEE 2	st006c01	B	2005-09-10T13:00:00z	  -9.999	 -7.998		  40.0	 8	 35.978	4.856	211.70	 0.06		0.137	  0.20	 1.28																										
EGEE 2	st006c01	B	2005-09-10T13:00:00z	  -9.999	 -7.998		  61.0	 7	 36.128	4.630	201.80	 0.17		0.815	  0.26	 1.34																										
EGEE 2	st006c01	B	2005-09-10T13:00:00z	  -9.999	 -7.998		  80.0	 6	 35.990	3.229	140.60	 0.55		10.589	  0.84	 3.45																										
EGEE 2	st006c01	B	2005-09-10T13:00:00z	  -9.999	 -7.998		  99.0	 5	 35.675	2.230	 97.10	 0.06		19.488	  1.31	 5.64																										
EGEE 2	st006c01	B	2005-09-10T13:00:00z	  -9.999	 -7.998		 129.0	 4	 35.489	2.055	 89.50	 0.04		22.296	  1.57	 6.90																										
EGEE 2	st006c01	B	2005-09-10T13:00:00z	  -9.999	 -7.998		 159.0	 3	 35.328	1.992	 86.70	 0.05		24.413	  1.57	 8.05																										
EGEE 2	st006c01	B	2005-09-10T13:00:00z	  -9.999	 -7.998		 300.0	 2	 34.928	1.841	 80.10	 0.04		31.294	  1.96	13.19																										
EGEE 2	st006c01	B	2005-09-10T13:00:00z	  -9.999	 -7.998		1005.0	 1	 34.595	3.569	155.20	 0.04		33.854	  2.27	33.60																										
EGEE 2	st007c01	B	2005-09-10T17:30:00z	 -10.000	 -7.500		   0.6	11	 35.971	4.927	214.80	 0.06		0.180	  0.20	 1.63																										
EGEE 2	st007c01	B	2005-09-10T17:30:00z	 -10.000	 -7.500		  10.5	10	 35.968	4.918	214.40	 0.07		0.204	  0.23	 1.42																										
EGEE 2	st007c01	B	2005-09-10T17:30:00z	 -10.000	 -7.500		  19.7	 9	 35.969	4.886	213.00	 0.07		0.192	  0.21	 1.43																										
EGEE 2	st007c01	B	2005-09-10T17:30:00z	 -10.000	 -7.500		  39.8	 8	 35.969	4.910	214.00	 0.09		0.208	  0.21	 1.82																										
EGEE 2	st007c01	B	2005-09-10T17:30:00z	 -10.000	 -7.500		  60.7	 7	 35.974	4.877	212.60	 0.08		0.252	  0.23	 1.32																										
EGEE 2	st007c01	B	2005-09-10T17:30:00z	 -10.000	 -7.500		  80.7	 6	 35.999	4.621	201.40	 0.31		1.079	  0.31	 2.17																										
EGEE 2	st007c01	B	2005-09-10T17:30:00z	 -10.000	 -7.500		 100.1	 5	 35.906	2.877	125.30	 0.10		14.176	  1.02	 4.40																										
EGEE 2	st007c01	B	2005-09-10T17:30:00z	 -10.000	 -7.500		 130.2	 4	 35.378	1.960	 85.30	 0.04		23.959	  1.55	 7.95																										
EGEE 2	st007c01	B	2005-09-10T17:30:00z	 -10.000	 -7.500		 160.5	 3	 35.215	1.966	 85.60	 0.03		25.774	  1.66	 9.39																										
EGEE 2	st007c01	B	2005-09-10T17:30:00z	 -10.000	 -7.500		 299.2	 2	 34.888	1.649	 71.70	 0.02		32.809	  2.03	14.43																										
EGEE 2	st007c01	B	2005-09-10T17:30:00z	 -10.000	 -7.500		1000.7	 1	 34.562	3.551	154.40	 0.02		34.316	  2.28	33.38																										
EGEE 2	st008c01	B	2005-09-10T21:40:00z	  -9.999	 -6.999		   0.0	11	 35.928	4.920	214.50	 0.06		0.110	  0.20	 1.30																										
EGEE 2	st008c01	B	2005-09-10T21:40:00z	  -9.999	 -6.999		  10.0	10	 35.928	4.917	214.30	 0.06		0.062	  0.19	 1.31																										
EGEE 2	st008c01	B	2005-09-10T21:40:00z	  -9.999	 -6.999		  20.0	 9	 35.928	4.920	214.50	 0.06		0.069	  0.20	 1.24																										
EGEE 2	st008c01	B	2005-09-10T21:40:00z	  -9.999	 -6.999		  40.0	 8	 35.932	4.873	212.40	 0.07		0.147	  0.21	 1.21																										
EGEE 2	st008c01	B	2005-09-10T21:40:00z	  -9.999	 -6.999		  60.0	 7	 35.945	4.728	206.10	 0.21		0.856	  0.27	 1.46																										
EGEE 2	st008c01	B	2005-09-10T21:40:00z	  -9.999	 -6.999		  80.0	 6	 36.014	3.576	155.80	 0.36		8.354	  0.69	 2.89																										
EGEE 2	st008c01	B	2005-09-10T21:40:00z	  -9.999	 -6.999		 100.0	 5	 35.812	2.632	114.60	 0.05		15.832	  1.10	 4.58																										
EGEE 2	st008c01	B	2005-09-10T21:40:00z	  -9.999	 -6.999		 130.0	 4	 35.391	2.118	 92.20	 0.02		23.264	  1.51	 7.62																										
EGEE 2	st008c01	B	2005-09-10T21:40:00z	  -9.999	 -6.999		 160.0	 3	 35.153	2.167	 94.30	 0.01		25.725	  1.64	 9.54																										
EGEE 2	st008c01	B	2005-09-10T21:40:00z	  -9.999	 -6.999		 300.0	 2	 34.891	1.617	 70.40	 0.03		33.021	  2.03	14.16																										
EGEE 2	st008c01	B	2005-09-10T21:40:00z	  -9.999	 -6.999		1001.0	 1	 34.570	3.471	150.90	 0.03		33.883	  2.27	33.05																										
EGEE 2	st009c01	B	2005-09-11T05:00:00z	  -9.996	 -6.500		   1.0	11	 35.938	4.895	213.40	 0.05		0.111	  0.19	 1.12																										
EGEE 2	st009c01	B	2005-09-11T05:00:00z	  -9.996	 -6.500		  10.0	10	 35.938	4.900	213.60	 0.07		0.126	  0.20	 1.06																										
EGEE 2	st009c01	B	2005-09-11T05:00:00z	  -9.996	 -6.500		  21.0	 9	 35.940	4.895	213.40	 0.06		0.115	  0.19	 1.02																										
EGEE 2	st009c01	B	2005-09-11T05:00:00z	  -9.996	 -6.500		  40.0	 8	 35.947	4.849	211.40	 0.08		0.192	  0.20	 0.99																										
EGEE 2	st009c01	B	2005-09-11T05:00:00z	  -9.996	 -6.500		  60.0	 7	 35.945	4.609	200.90	 0.32		1.544	  0.32	 1.43																										
EGEE 2	st009c01	B	2005-09-11T05:00:00z	  -9.996	 -6.500		  80.0	 6	 35.868	3.217	140.10	 0.10		11.518	  0.84	 3.45																										
EGEE 2	st009c01	B	2005-09-11T05:00:00z	  -9.996	 -6.500		 101.0	 5	 35.753	2.692	117.20	 0.05		16.218	  1.12	 4.86																										
EGEE 2	st009c01	B	2005-09-11T05:00:00z	  -9.996	 -6.500		 130.0	 4	 35.358	1.993	 86.80	 0.03		24.366	  1.54	 9.28																										
EGEE 2	st009c01	B	2005-09-11T05:00:00z	  -9.996	 -6.500		 158.0	 3	 35.143	2.046	 89.10	 0.04		26.809	  1.70	10.20																										
EGEE 2	st009c01	B	2005-09-11T05:00:00z	  -9.996	 -6.500		 299.0	 2	 34.862	1.728	 75.20	 0.03		33.318	  2.03	14.67																										
EGEE 2	st009c01	B	2005-09-11T05:00:00z	  -9.996	 -6.500		1004.2	 1	 34.581	3.540	153.90	 0.03		34.147	  2.26	33.02																										
EGEE 2	st010c01	B	2005-09-11T06:30:00z	 -10.001	 -5.999		   0.4	11	 35.949	4.886	213.00	 0.09		0.260	  0.26	 1.44																										
EGEE 2	st010c01	B	2005-09-11T06:30:00z	 -10.001	 -5.999		   9.4	10	 35.949	4.861	211.90	 0.09		0.270	  0.21	 1.20																										
EGEE 2	st010c01	B	2005-09-11T06:30:00z	 -10.001	 -5.999		   9.4	 9	 35.949	4.858	211.80																															
EGEE 2	st010c01	B	2005-09-11T06:30:00z	 -10.001	 -5.999		  40.1	 8	 35.967	4.840	211.00	 0.11		0.392	  0.20	 1.09																										
EGEE 2	st010c01	B	2005-09-11T06:30:00z	 -10.001	 -5.999		  60.3	 7	 35.932	4.583	199.70	 0.35		1.953	  0.34	 1.77																										
EGEE 2	st010c01	B	2005-09-11T06:30:00z	 -10.001	 -5.999		  79.5	 6	 35.737	3.022	131.60	 1.47		12.554	  0.99	 4.96																										
EGEE 2	st010c01	B	2005-09-11T06:30:00z	 -10.001	 -5.999		  99.8	 5	 35.598	2.266	 98.60	 0.05		20.310	  1.33	 6.07																										
EGEE 2	st010c01	B	2005-09-11T06:30:00z	 -10.001	 -5.999		 129.3	 4	 35.419	2.035	 88.60	 0.05		23.259	  1.51	 7.47																										
EGEE 2	st010c01	B	2005-09-11T06:30:00z	 -10.001	 -5.999		 160.1	 3	 35.244	2.014	 87.60	 0.03		25.422	  1.63	 9.06																										
EGEE 2	st010c01	B	2005-09-11T06:30:00z	 -10.001	 -5.999		 300.3	 2	 34.887	1.846	 80.30	 0.02		32.263	  2.00	13.99																										
EGEE 2	st010c01	B	2005-09-11T06:30:00z	 -10.001	 -5.999		1000.6	 1	 34.607	3.642	158.40	 0.03		33.393	  2.23	33.63																										
EGEE 2	st011c01	B	2005-09-11T13:30:00z	 -10.006	 -5.491		   0.4	11	 35.889	4.951	215.80	 0.08		0.724	  0.25	 1.02																										
EGEE 2	st011c01	B	2005-09-11T13:30:00z	 -10.006	 -5.491		  10.0	10	 35.887	4.991	217.60	 0.09		0.725	  0.27	 1.28																										
EGEE 2	st011c01	B	2005-09-11T13:30:00z	 -10.006	 -5.491		  20.0	 9	 35.888	4.946	215.60	 0.09		0.704	  0.24	 1.43																										
EGEE 2	st011c01	B	2005-09-11T13:30:00z	 -10.006	 -5.491		  40.0	 8	 35.897	4.898	213.50	 0.11		0.909	  0.25	 1.22																										
EGEE 2	st011c01	B	2005-09-11T13:30:00z	 -10.006	 -5.491		  60.0	 7	 35.727	2.994	130.40	 0.98		13.336	  1.00	 4.04																										
EGEE 2	st011c01	B	2005-09-11T13:30:00z	 -10.006	 -5.491		  81.0	 6	 35.648	2.489	108.40	 0.30		18.053	  1.21	 5.17																										
EGEE 2	st011c01	B	2005-09-11T13:30:00z	 -10.006	 -5.491		  99.0	 5	 35.555	2.392	104.10	 0.05		20.018	  1.31	 5.86																										
EGEE 2	st011c01	B	2005-09-11T13:30:00z	 -10.006	 -5.491		 130.0	 4	 35.438	2.187	 95.20	 0.03		22.170	  1.44	 8.05																										
EGEE 2	st011c01	B	2005-09-11T13:30:00z	 -10.006	 -5.491		 160.0	 3	 35.316	2.079	 90.50	 0.04		24.096	  1.54	 8.61																										
EGEE 2	st011c01	B	2005-09-11T13:30:00z	 -10.006	 -5.491		 300.0	 2	 34.985	1.608	 70.00	 0.04		24.187	  1.54	 8.22																										
EGEE 2	st011c01	B	2005-09-11T13:30:00z	 -10.006	 -5.491		1002.0	 1	 34.590	3.588	156.00	 0.03		33.405	  2.22	32.86																										
EGEE 2	st012c01	B	2005-09-11T17:30:00z	  -9.999	 -4.997		   0.1	11	 35.837	4.956	216.10	 0.09		0.920	  0.24	 1.10																										
EGEE 2	st012c01	B	2005-09-11T17:30:00z	  -9.999	 -4.997			10																																		
EGEE 2	st012c01	B	2005-09-11T17:30:00z	  -9.999	 -4.997		  20.4	 9	 35.805	4.970	216.70	 0.10		0.980	  0.24	 1.03																										
EGEE 2	st012c01	B	2005-09-11T17:30:00z	  -9.999	 -4.997		  39.9	 8	 35.780	3.952	172.20	 0.88		6.456	  0.64	 2.44																										
EGEE 2	st012c01	B	2005-09-11T17:30:00z	  -9.999	 -4.997		  60.2	 7	 35.727	2.621	114.10	 0.43		16.527	  1.14	 4.65																										
EGEE 2	st012c01	B	2005-09-11T17:30:00z	  -9.999	 -4.997		  80.0	 6	 35.671	2.500	108.80	 0.09		18.130	  1.21	 5.15																										
EGEE 2	st012c01	B	2005-09-11T17:30:00z	  -9.999	 -4.997		  99.2	 5	 35.621	2.479	107.90	 0.06		18.605	  1.24	 5.92																										
EGEE 2	st012c01	B	2005-09-11T17:30:00z	  -9.999	 -4.997		 129.4	 4	 35.549	2.399	104.40	 0.03		20.110	  1.30	 6.35																										
EGEE 2	st012c01	B	2005-09-11T17:30:00z	  -9.999	 -4.997		 160.3	 3	 35.490	2.343	102.00	 0.02		20.871	  1.36	 6.77																										
EGEE 2	st012c01	B	2005-09-11T17:30:00z	  -9.999	 -4.997		 299.8	 2	 35.122	1.964	 85.40	 0.02		27.225	  1.68	10.38																										
EGEE 2	st012c01	B	2005-09-11T17:30:00z	  -9.999	 -4.997		1000.8	 1	 34.624	3.758	163.40	 0.02		32.705	  2.16	31.92																										
EGEE 2	st013c01	B	2005-09-11T22:30:00z	  -9.999	 -4.495		   0.0	11	 35.782	4.949	215.70	 0.12		1.672	  0.26	 1.75																										
EGEE 2	st013c01	B	2005-09-11T22:30:00z	  -9.999	 -4.495		   9.0	10	 35.783	4.949	215.70	 0.12		1.714	  0.30	 1.80																										
EGEE 2	st013c01	B	2005-09-11T22:30:00z	  -9.999	 -4.495		  20.0	 9	 35.788	4.947	215.60	 0.12		1.762	  0.28	 1.72																										
EGEE 2	st013c01	B	2005-09-11T22:30:00z	  -9.999	 -4.495		  40.0	 8	 35.765	4.771	207.90	 0.23		2.350	  0.32	 1.78																										
EGEE 2	st013c01	B	2005-09-11T22:30:00z	  -9.999	 -4.495		  60.0	 7	 35.709	2.635	114.70	 0.38		16.704	  1.13	 4.96																										
EGEE 2	st013c01	B	2005-09-11T22:30:00z	  -9.999	 -4.495		  79.0	 6	 35.610	2.427	105.70	 0.08		19.188	  1.26	 5.96																										
EGEE 2	st013c01	B	2005-09-11T22:30:00z	  -9.999	 -4.495		 100.0	 5	 35.527	2.326	101.20	 0.04		20.431	  1.32	 6.64																										
EGEE 2	st013c01	B	2005-09-11T22:30:00z	  -9.999	 -4.495		 130.0	 4	 35.508	2.403	104.60	 0.02		20.731	  1.34	 6.85																										
EGEE 2	st013c01	B	2005-09-11T22:30:00z	  -9.999	 -4.495		 160.0	 3	 35.471	2.433	105.90	 0.02		20.850	  1.37	 7.28																										
EGEE 2	st013c01	B	2005-09-11T22:30:00z	  -9.999	 -4.495		 299.0	 2	 35.082	1.650	 71.80	 0.02		29.332	  1.84	11.60																										
EGEE 2	st013c01	B	2005-09-11T22:30:00z	  -9.999	 -4.495		1000.0	 1	 34.644	3.667	159.50	 0.02		32.747	  2.17	31.05																										
EGEE 2	st014c01	B	2005-09-12T03:30:00z	  -9.998	 -4.005		   1.0	11	 35.822	4.844	211.20	 0.11		2.199	  0.33	 1.69																										
EGEE 2	st014c01	B	2005-09-12T03:30:00z	  -9.998	 -4.005		  10.0	10	 35.822	4.972	216.70	 0.11		2.199	  0.33	 1.99																										
EGEE 2	st014c01	B	2005-09-12T03:30:00z	  -9.998	 -4.005		  20.0	 9	 35.822	4.981	217.10	 0.11		2.206	  0.33	 1.87																										
EGEE 2	st014c01	B	2005-09-12T03:30:00z	  -9.998	 -4.005		  40.0	 8	 35.770	4.018	175.10	 0.80		6.331	  0.63	 2.72																										
EGEE 2	st014c01	B	2005-09-12T03:30:00z	  -9.998	 -4.005		  60.0	 7	 35.674	2.555	111.20	 0.86		16.632	  1.19	 5.02																										
EGEE 2	st014c01	B	2005-09-12T03:30:00z	  -9.998	 -4.005		  79.0	 6	 35.569	2.016	 87.70	 0.10		21.259	  1.41	 6.21																										
EGEE 2	st014c01	B	2005-09-12T03:30:00z	  -9.998	 -4.005		  99.0	 5	 35.497	1.831	 79.70	 0.05		23.129	  1.50	 6.98																										
EGEE 2	st014c01	B	2005-09-12T03:30:00z	  -9.998	 -4.005		 130.0	 4	 35.445	1.803	 78.50	 0.03		24.056	  1.54	 7.80																										
EGEE 2	st014c01	B	2005-09-12T03:30:00z	  -9.998	 -4.005		 160.0	 3	 35.399	1.891	 82.30	 0.03		24.040	  1.56	 7.97																										
EGEE 2	st014c01	B	2005-09-12T03:30:00z	  -9.998	 -4.005		 299.0	 2	 35.107	1.831	 79.70	 0.03		28.198	  1.78	10.70																										
EGEE 2	st014c01	B	2005-09-12T03:30:00z	  -9.998	 -4.005		1001.0	 1	 34.660	3.665	159.30	 0.01		32.537	  2.17	30.70																										
EGEE 2	st015c01	B	2005-09-12T08:00:00z	  -9.998	 -3.502		   0.2	11	 35.847	4.925	214.70	 0.11		2.197	  0.30	 1.84																										
EGEE 2	st015c01	B	2005-09-12T08:00:00z	  -9.998	 -3.502		  10.6	10	 35.846	4.922	214.60	 0.10		2.115	  0.31	 1.78																										
EGEE 2	st015c01	B	2005-09-12T08:00:00z	  -9.998	 -3.502		  20.1	 9	 35.847	4.949	215.70	 0.11		2.166	  0.31	 1.79																										
EGEE 2	st015c01	B	2005-09-12T08:00:00z	  -9.998	 -3.502		  40.5	 8	 35.792	4.352	189.60	 0.45		5.281	  0.53	 2.38																										
EGEE 2	st015c01	B	2005-09-12T08:00:00z	  -9.998	 -3.502		  60.3	 7	 35.754	3.381	147.20	 1.31		10.824	  0.90	 3.62																										
EGEE 2	st015c01	B	2005-09-12T08:00:00z	  -9.998	 -3.502		  80.3	 6	 35.625	2.456	106.90	 0.13		18.724	  1.25	 5.70																										
EGEE 2	st015c01	B	2005-09-12T08:00:00z	  -9.998	 -3.502		 100.3	 5	 35.568	2.270	 98.80	 0.05		20.373	  1.33	 6.09																										
EGEE 2	st015c01	B	2005-09-12T08:00:00z	  -9.998	 -3.502		 130.0	 4	 35.470	2.042	 88.90	 0.03		22.926	  1.48	 7.15																										
EGEE 2	st015c01	B	2005-09-12T08:00:00z	  -9.998	 -3.502		 159.6	 3	 35.412	1.854	 80.70	 0.03		23.926	  1.56	 7.93																										
EGEE 2	st015c01	B	2005-09-12T08:00:00z	  -9.998	 -3.502		 300.1	 2	 35.096	2.135	 92.90	 0.02		27.057	  1.73	10.40																										
EGEE 2	st015c01	B	2005-09-12T08:00:00z	  -9.998	 -3.502		1002.0	 1	 34.615	3.635	158.10	 0.02		33.465	  2.24	31.33																										
EGEE 2	st016c01	B	2005-09-12T12:00:00z	  -9.998	 -2.997		   0.2	11				 0.08		1.184	  0.24	 1.82																										
EGEE 2	st016c01	B	2005-09-12T12:00:00z	  -9.998	 -2.997		  10.0	10	 35.939			 0.08		1.212	  0.26	 1.74																										
EGEE 2	st016c01	B	2005-09-12T12:00:00z	  -9.998	 -2.997		  20.0	 9	 35.939			 0.07		1.217	  0.26	 1.67																										
EGEE 2	st016c01	B	2005-09-12T12:00:00z	  -9.998	 -2.997		  41.0	 8	 35.942			 0.09		1.410	  0.27	 1.78																										
EGEE 2	st016c01	B	2005-09-12T12:00:00z	  -9.998	 -2.997		  61.0	 7	 35.745	3.436	149.70	 1.03		10.455	  0.86	 3.83																										
EGEE 2	st016c01	B	2005-09-12T12:00:00z	  -9.998	 -2.997		  80.0	 6	 35.535	1.852	 80.60	 0.07		22.477	  1.46	 6.71																										
EGEE 2	st016c01	B	2005-09-12T12:00:00z	  -9.998	 -2.997		 100.0	 5	 35.504	1.894	 82.50	 0.04		23.046	  1.50	 7.15																										
EGEE 2	st016c01	B	2005-09-12T12:00:00z	  -9.998	 -2.997		 130.0	 4	 35.444	1.922	 83.70	 0.04		23.197	  1.50	 7.17																										
EGEE 2	st016c01	B	2005-09-12T12:00:00z	  -9.998	 -2.997		 160.0	 3	 35.384	1.955	 85.10	 0.03		23.777	  1.56	 8.07																										
EGEE 2	st016c01	B	2005-09-12T12:00:00z	  -9.998	 -2.997		 301.0	 2	 35.007	1.869	 81.30	 0.02		29.668	  1.87	11.95																										
EGEE 2	st016c01	B	2005-09-12T12:00:00z	  -9.998	 -2.997		1001.0	 1	 34.615	3.658	159.10	 0.02		33.222	  2.21	31.45																										
EGEE 2	st017c01	B	2005-09-12T16:00:00z	  -9.998	 -2.504		   1.0	11	 36.027	4.784	208.60	 0.14		1.260	  0.26	 1.78																										
EGEE 2	st017c01	B	2005-09-12T16:00:00z	  -9.998	 -2.504		  10.2	10	 36.026	4.788	208.70	 0.14		1.256	  0.27	 1.70																										
EGEE 2	st017c01	B	2005-09-12T16:00:00z	  -9.998	 -2.504		  20.0	 9	 36.025	4.777	208.20	 0.15		1.261	  0.27	 1.74																										
EGEE 2	st017c01	B	2005-09-12T16:00:00z	  -9.998	 -2.504		  39.8	 8	 36.024	4.713	205.40	 0.18		1.433	  0.28	 1.80																										
EGEE 2	st017c01	B	2005-09-12T16:00:00z	  -9.998	 -2.504		  60.3	 7	 35.798	3.461	150.80	 1.25		9.364	  0.81	 3.41																										
EGEE 2	st017c01	B	2005-09-12T16:00:00z	  -9.998	 -2.504		  80.3	 6	 35.707	2.865	124.70	 0.94		14.360	  1.08	 4.60																										
EGEE 2	st017c01	B	2005-09-12T16:00:00z	  -9.998	 -2.504		 100.3	 5	 35.557	2.363	102.90	 0.05		19.881	  1.33	 6.32																										
EGEE 2	st017c01	B	2005-09-12T16:00:00z	  -9.998	 -2.504		 129.8	 4	 35.477	2.229	 97.00	 0.04		21.475	  1.41	 6.91																										
EGEE 2	st017c01	B	2005-09-12T16:00:00z	  -9.998	 -2.504		 160.2	 3	 35.435	2.362	102.80	 0.03		21.488	  1.40	 7.39																										
EGEE 2	st017c01	B	2005-09-12T16:00:00z	  -9.998	 -2.504		 299.8	 2	 35.059	1.868	 81.30	 0.02		29.117	  1.82	11.55																										
EGEE 2	st017c01	B	2005-09-12T16:00:00z	  -9.998	 -2.504		1001.0	 1	 34.603	3.644	158.40	 0.02		33.270	  2.20	32.16																										
EGEE 2	st018c01	B	2005-09-12T20:30:00z	  -9.997	 -2.002		   0.0	11	 35.989	4.918	214.40	 0.15		0.978	  0.25	 1.91																										
EGEE 2	st018c01	B	2005-09-12T20:30:00z	  -9.997	 -2.002		  10.0	10	 35.990	4.923	214.60	 0.14		1.007	  0.23	 1.86																										
EGEE 2	st018c01	B	2005-09-12T20:30:00z	  -9.997	 -2.002		  20.0	 9	 35.990	4.929	214.90	 0.15		1.036	  0.23	 1.78																										
EGEE 2	st018c01	B	2005-09-12T20:30:00z	  -9.997	 -2.002		  40.0	 8	 35.995	4.810	209.70	 0.16		1.276	  0.25	 1.78																										
EGEE 2	st018c01	B	2005-09-12T20:30:00z	  -9.997	 -2.002		  60.0	 7	 35.984	3.994	174.00	 0.59		5.509	  0.52	 2.49																										
EGEE 2	st018c01	B	2005-09-12T20:30:00z	  -9.997	 -2.002		  80.0	 6	 35.667	2.650	115.40	 0.12		16.996	  1.15	 5.00																										
EGEE 2	st018c01	B	2005-09-12T20:30:00z	  -9.997	 -2.002		 100.0	 5	 35.539	2.346	102.10	 0.04		20.398	  1.34	 6.22																										
EGEE 2	st018c01	B	2005-09-12T20:30:00z	  -9.997	 -2.002		 130.0	 4	 35.470	2.367	103.00	 0.01		21.231	  1.38	 7.13																										
EGEE 2	st018c01	B	2005-09-12T20:30:00z	  -9.997	 -2.002		 161.0	 3	 35.416	2.294	 99.80	 0.01		21.923	  1.46	 7.56																										
EGEE 2	st018c01	B	2005-09-12T20:30:00z	  -9.997	 -2.002		 302.0	 2	 35.091	1.919	 83.50	 0.02		28.645	  1.79	10.96																										
EGEE 2	st018c01	B	2005-09-12T20:30:00z	  -9.997	 -2.002		1000.0	 1	 34.611	3.641	158.30	 0.00		33.019	  2.19	31.38																										
EGEE 2	st019c01	B	2005-09-13T03:00:00z	  -9.998	 -1.493		   1.0	11	 35.907	4.898	213.50	 0.15		0.846	  0.16	 1.80																										
EGEE 2	st019c01	B	2005-09-13T03:00:00z	  -9.998	 -1.493		  10.0	10	 35.907	4.894	213.40	 0.16		0.788	  0.23	 1.77																										
EGEE 2	st019c01	B	2005-09-13T03:00:00z	  -9.998	 -1.493		  21.0	 9	 35.910	4.901	213.60	 0.15		0.820	  0.23	 1.75																										
EGEE 2	st019c01	B	2005-09-13T03:00:00z	  -9.998	 -1.493		  40.0	 8	 35.926	4.808	209.60	 0.20		1.067	  0.25	 1.71																										
EGEE 2	st019c01	B	2005-09-13T03:00:00z	  -9.998	 -1.493		  58.0	 7	 35.995	4.247	185.10	 0.61		3.095	  0.39	 1.96																										
EGEE 2	st019c01	B	2005-09-13T03:00:00z	  -9.998	 -1.493		  80.0	 6	 35.696	2.716	118.20	 0.07		15.849	  1.12	 5.17																										
EGEE 2	st019c01	B	2005-09-13T03:00:00z	  -9.998	 -1.493		 100.0	 5	 35.536	2.443	106.30	 0.03		19.578	  1.30	 6.46																										
EGEE 2	st019c01	B	2005-09-13T03:00:00z	  -9.998	 -1.493		 130.0	 4	 35.457	2.627	114.30	 0.04		19.460	  1.31	 6.68																										
EGEE 2	st019c01	B	2005-09-13T03:00:00z	  -9.998	 -1.493		 160.0	 3	 35.403	3.100	134.90	 0.03		17.736	  1.21	 6.66																										
EGEE 2	st019c01	B	2005-09-13T03:00:00z	  -9.998	 -1.493		 300.0	 2	 35.098	1.986	 86.40	 0.04		27.570	  1.71	10.71																										
EGEE 2	st019c01	B	2005-09-13T03:00:00z	  -9.998	 -1.493		1006.0	 1	 34.620	3.601	156.60	 0.01		32.545	  2.19	30.41																										
EGEE 2	st020c01	B	2005-09-13T08:30:00z	  -9.991	 -0.994		   1.0	11	 35.909	4.753	207.20	 0.15		1.006	  0.22	 1.54																										
EGEE 2	st020c01	B	2005-09-13T08:30:00z	  -9.991	 -0.994		  10.0	10	 35.909	4.892	213.30	 0.14		1.032	  0.22	 1.54																										
EGEE 2	st020c01	B	2005-09-13T08:30:00z	  -9.991	 -0.994		  20.0	 9	 35.911	4.871	212.30	 0.14		1.021	  0.23	 1.47																										
EGEE 2	st020c01	B	2005-09-13T08:30:00z	  -9.991	 -0.994		  40.0	 8	 35.955	4.290	187.00	 0.61		3.115	  0.40	 1.93																										
EGEE 2	st020c01	B	2005-09-13T08:30:00z	  -9.991	 -0.994		  60.0	 7	 36.137	3.923	170.90	 0.42		4.898	  0.46	 2.00																										
EGEE 2	st020c01	B	2005-09-13T08:30:00z	  -9.991	 -0.994		  80.0	 6	 36.085	3.571	155.50	 0.07		8.960	  0.72	 3.10																										
EGEE 2	st020c01	B	2005-09-13T08:30:00z	  -9.991	 -0.994		 100.0	 5	 35.809	3.434	149.50	 0.05		11.852	  0.89	 4.08																										
EGEE 2	st020c01	B	2005-09-13T08:30:00z	  -9.991	 -0.994		 130.0	 4	 35.459	3.617	157.40	 0.02		14.875	  1.06	 5.73																										
EGEE 2	st020c01	B	2005-09-13T08:30:00z	  -9.991	 -0.994		 160.0	 3	 35.423	3.443	149.80	 0.01		15.868	  1.10	 5.86																										
EGEE 2	st020c01	B	2005-09-13T08:30:00z	  -9.991	 -0.994		 300.0	 2	 35.057	2.281	 99.20	 0.02		26.778	  1.71	10.97																										
EGEE 2	st020c01	B	2005-09-13T08:30:00z	  -9.991	 -0.994		1003.0	 1	 34.609	3.648	158.60	 0.01		32.955	  2.19	30.42																										
EGEE 2	st021c01	B	2005-09-13T13:30:00z	  -9.991	 -0.507		   0.0	11	 35.930	4.860	211.90	 0.11		0.963	  0.22	 1.85																										
EGEE 2	st021c01	B	2005-09-13T13:30:00z	  -9.991	 -0.507		  10.0	10	 35.927	4.865	212.10	 0.11		0.896	  0.22	 1.74																										
EGEE 2	st021c01	B	2005-09-13T13:30:00z	  -9.991	 -0.507		  20.0	 9	 35.928	4.857	211.80	 0.12		0.993	  0.22	 1.71																										
EGEE 2	st021c01	B	2005-09-13T13:30:00z	  -9.991	 -0.507		  40.0	 8	 35.933	4.749	207.00	 0.16		1.275	  0.25	 1.80																										
EGEE 2	st021c01	B	2005-09-13T13:30:00z	  -9.991	 -0.507		  61.0	 7	 35.947	3.799	165.50	 0.59		6.591	  0.56	 2.77																										
EGEE 2	st021c01	B	2005-09-13T13:30:00z	  -9.991	 -0.507		  80.0	 6	 36.065	3.652	159.10	 0.20		8.117	  0.63	 3.20																										
EGEE 2	st021c01	B	2005-09-13T13:30:00z	  -9.991	 -0.507		 100.0	 5	 35.745	3.624	157.80	 0.05		12.383	  0.90	 4.76																										
EGEE 2	st021c01	B	2005-09-13T13:30:00z	  -9.991	 -0.507		 130.0	 4	 35.545	3.670	159.70	 0.04		13.968	  0.99	 5.42																										
EGEE 2	st021c01	B	2005-09-13T13:30:00z	  -9.991	 -0.507		 160.0	 3	 35.423	3.377	147.00	 0.03		16.704	  1.15	 6.25																										
EGEE 2	st021c01	B	2005-09-13T13:30:00z	  -9.991	 -0.507		 301.0	 2	 35.011	2.299	100.00	 0.03		27.656	  1.75	11.50																										
EGEE 2	st021c01	B	2005-09-13T13:30:00z	  -9.991	 -0.507		1004.0	 1	 34.623	3.658	159.00	 0.01		33.491	  2.21	30.59																										
EGEE 2	st022c01	B	2005-09-13T20:30:00z	  -9.936	 +0.058		   1.0	11	 35.917	4.911	214.10	 0.08		0.837	  0.22	 1.47																										
EGEE 2	st022c01	B	2005-09-13T20:30:00z	  -9.936	 +0.058		  10.0	10	 35.916	4.908	214.00	 0.08		0.868	  0.22	 1.37																										
EGEE 2	st022c01	B	2005-09-13T20:30:00z	  -9.936	 +0.058		  20.0	 9	 35.913	4.903	213.70	 0.09		0.912	  0.21	 1.35																										
EGEE 2	st022c01	B	2005-09-13T20:30:00z	  -9.936	 +0.058		  40.0	 8	 35.940	4.767	207.80	 0.14		1.154	  0.24	 1.45																										
EGEE 2	st022c01	B	2005-09-13T20:30:00z	  -9.936	 +0.058		  60.0	 7	 35.939	4.332	188.80	 0.32		3.257	  0.39	 1.97																										
EGEE 2	st022c01	B	2005-09-13T20:30:00z	  -9.936	 +0.058		  80.0	 6	 35.828	3.162	137.70	 0.06		11.880	  0.85	 3.75																										
EGEE 2	st022c01	B	2005-09-13T20:30:00z	  -9.936	 +0.058		 100.0	 5	 35.780	3.333	145.10	 0.04		13.119	  0.92	 4.58																										
EGEE 2	st022c01	B	2005-09-13T20:30:00z	  -9.936	 +0.058		 130.0	 4	 35.544	3.678	160.10	 0.01		13.865	  1.01	 5.32																										
EGEE 2	st022c01	B	2005-09-13T20:30:00z	  -9.936	 +0.058		 160.0	 3	 35.413	3.319	144.40	 0.00		16.931	  1.14	 6.27																										
EGEE 2	st022c01	B	2005-09-13T20:30:00z	  -9.936	 +0.058		 300.0	 2	 34.944	2.475	107.70	 0.01		27.990	  1.78	12.31																										
EGEE 2	st022c01	B	2005-09-13T20:30:00z	  -9.936	 +0.058		1000.0	 1	 34.629	3.638	158.20	 0.00		32.625	  2.19	29.66																										
EGEE 2	st023c01	B	2005-09-14T01:30:00z	  -9.990	 +0.498		   2.0	11	 35.894	4.859	211.80	 0.09		0.658	  0.19	 1.27																										
EGEE 2	st023c01	B	2005-09-14T01:30:00z	  -9.990	 +0.498		  11.0	10	 35.895	4.852	211.50	 0.06		0.630	  0.19	 1.27																										
EGEE 2	st023c01	B	2005-09-14T01:30:00z	  -9.990	 +0.498		  20.0	 9	 35.893	4.864	212.10	 0.06		0.631	  0.19	 1.26																										
EGEE 2	st023c01	B	2005-09-14T01:30:00z	  -9.990	 +0.498		  41.0	 8	 35.889	4.878	212.70	 0.08		0.758	  0.21	 1.26																										
EGEE 2	st023c01	B	2005-09-14T01:30:00z	  -9.990	 +0.498		  60.0	 7	 35.878	4.141	180.50	 0.24		4.891	  0.48	 2.32																										
EGEE 2	st023c01	B	2005-09-14T01:30:00z	  -9.990	 +0.498		  80.0	 6	 35.735	3.009	131.00	 0.20		13.758	  0.98	 4.25																										
EGEE 2	st023c01	B	2005-09-14T01:30:00z	  -9.990	 +0.498		 100.0	 5	 35.641	3.070	133.60	 0.04		15.986	  1.10	 5.50																										
EGEE 2	st023c01	B	2005-09-14T01:30:00z	  -9.990	 +0.498		 129.0	 4	 35.521	3.203	139.40	 0.02		16.473	  1.14	 6.05																										
EGEE 2	st023c01	B	2005-09-14T01:30:00z	  -9.990	 +0.498		 160.0	 3	 35.454	3.147	136.90	 0.02		17.268	  1.19	 6.39																										
EGEE 2	st023c01	B	2005-09-14T01:30:00z	  -9.990	 +0.498		 300.0	 2	 34.941	2.593	112.80	 0.05		27.753	  1.76	12.54																										
EGEE 2	st023c01	B	2005-09-14T01:30:00z	  -9.990	 +0.498		 992.0	 1	 34.632	3.607	156.80	 0.01		32.797	  2.18	29.88																										
EGEE 2	st024c01	B	2005-09-14T06:30:00z	  -9.997	 +1.007		   0.3	11	 35.747	4.878	212.70	 0.01		0.109	  0.12	 1.05																										
EGEE 2	st024c01	B	2005-09-14T06:30:00z	  -9.997	 +1.007		  10.6	10	 35.746	4.885	213.10	 0.00		0.095	  0.13	 1.01																										
EGEE 2	st024c01	B	2005-09-14T06:30:00z	  -9.997	 +1.007		  20.5	 9	 35.746	4.886	213.10	 0.00		0.097	  0.12	 1.00																										
EGEE 2	st024c01	B	2005-09-14T06:30:00z	  -9.997	 +1.007		  40.8	 8	 35.769	4.863	212.10	 0.01		0.190	  0.13	 1.07																										
EGEE 2	st024c01	B	2005-09-14T06:30:00z	  -9.997	 +1.007		  59.5	 7	 35.929	4.626	201.70	 0.13		1.995	  0.29	 1.61																										
EGEE 2	st024c01	B	2005-09-14T06:30:00z	  -9.997	 +1.007		  80.2	 6	 35.771	2.809	122.30	 0.07		15.484	  1.07	 4.77																										
EGEE 2	st024c01	B	2005-09-14T06:30:00z	  -9.997	 +1.007		  99.8	 5	 35.705	2.771	120.60	 0.05		16.643	  1.13	 5.30																										
EGEE 2	st024c01	B	2005-09-14T06:30:00z	  -9.997	 +1.007		 130.5	 4	 35.612	2.584	112.50	 0.03		18.540	  1.26	 6.06																										
EGEE 2	st024c01	B	2005-09-14T06:30:00z	  -9.997	 +1.007		 159.5	 3	 35.612	2.610	113.60	 0.01		20.162	  1.34	 7.19																										
EGEE 2	st024c01	B	2005-09-14T06:30:00z	  -9.997	 +1.007		 300.5	 2	 34.910	2.544	110.70	 0.01		28.457	  1.78	12.86																										
EGEE 2	st024c01	B	2005-09-14T06:30:00z	  -9.997	 +1.007		1001.0	 1	 34.633	3.615	157.20	 0.00		32.928	  2.19	30.53																										
EGEE 2	st025c01	B	2005-09-14T12:00:00z	  -9.992	 +1.510		   0.0	11	 35.691	4.690	204.60	 0.00		0.074	  0.04	 1.10																										
EGEE 2	st025c01	B	2005-09-14T12:00:00z	  -9.992	 +1.510		  10.0	10	 35.691	4.713	205.60	 0.00		0.066	  0.03	 0.94																										
EGEE 2	st025c01	B	2005-09-14T12:00:00z	  -9.992	 +1.510		  20.0	 9	 35.691	4.712	205.60	 0.01		0.067	  0.04	 0.93																										
EGEE 2	st025c01	B	2005-09-14T12:00:00z	  -9.992	 +1.510		  41.0	 8	 35.839	4.819	210.20	 0.05		0.429	  0.13	 1.31																										
EGEE 2	st025c01	B	2005-09-14T12:00:00z	  -9.992	 +1.510		  61.0	 7	 35.824	3.546	154.50	 0.24		7.526	  0.62	 2.98																										
EGEE 2	st025c01	B	2005-09-14T12:00:00z	  -9.992	 +1.510		  79.0	 6	 35.751	2.804	122.10	 0.09		15.618	  1.08	 4.99																										
EGEE 2	st025c01	B	2005-09-14T12:00:00z	  -9.992	 +1.510		 100.0	 5	 35.642	2.682	116.80	 0.05		17.500	  1.19	 5.87																										
EGEE 2	st025c01	B	2005-09-14T12:00:00z	  -9.992	 +1.510		 130.0	 4	 35.546	2.446	106.50	 0.02		19.680	  1.33	 6.75																										
EGEE 2	st025c01	B	2005-09-14T12:00:00z	  -9.992	 +1.510		 160.0	 3	 35.456	2.116	 92.10	 0.01		22.217	  1.45	 7.56																										
EGEE 2	st025c01	B	2005-09-14T12:00:00z	  -9.992	 +1.510		 300.0	 2	 34.871	2.237	 97.30	 0.01		30.476	  1.92	14.21																										
EGEE 2	st025c01	B	2005-09-14T12:00:00z	  -9.992	 +1.510		1001.0	 1	 34.641	3.567	155.10	 0.01		32.405	  2.18	29.19																										
EGEE 2	st026c01	B	2005-09-16T14:30:00z	  -2.003	 +1.999		2011.0	11	 34.960	5.630	244.70	 0.01		20.470	  1.34	22.25																										
EGEE 2	st026c01	B	2005-09-16T14:30:00z	  -2.003	 +1.999		2010.0	10	 34.959	5.604	243.60	 0.01		20.475	  1.47	22.49																										
EGEE 2	st026c01	B	2005-09-16T14:30:00z	  -2.003	 +1.999		2010.0	 9	 34.960	5.622	244.40	 0.01		20.513	  1.36	22.53																										
EGEE 2	st026c01	B	2005-09-16T14:30:00z	  -2.003	 +1.999		2010.0	 8	 34.961	5.628	244.60	 0.01		20.505	  1.35	22.06																										
EGEE 2	st026c01	B	2005-09-16T14:30:00z	  -2.003	 +1.999		2009.0	 7	 34.960	5.609	243.80	 0.00		20.552	  1.39	22.59																										
EGEE 2	st026c01	B	2005-09-16T14:30:00z	  -2.003	 +1.999		2008.0	 6	 34.960	5.591	243.00	 0.00		20.480	  1.39	22.58																										
EGEE 2	st026c01	B	2005-09-16T14:30:00z	  -2.003	 +1.999		2009.0	 5	 34.961	5.623	244.40	 0.01		20.545	  1.39	22.28																										
EGEE 2	st026c01	B	2005-09-16T14:30:00z	  -2.003	 +1.999		2008.0	 4	 34.960	5.608	243.70	 0.01		20.551	  1.38	21.99																										
EGEE 2	st026c01	B	2005-09-16T14:30:00z	  -2.003	 +1.999		2008.0	 3	 34.960	5.602	243.50	 0.01		20.551	  1.38	22.36																										
EGEE 2	st026c01	B	2005-09-16T14:30:00z	  -2.003	 +1.999		2007.0	 2	 34.960	5.610	243.80	 0.01		20.584	  1.39	22.64																										
EGEE 2	st026c01	B	2005-09-16T14:30:00z	  -2.003	 +1.999		2007.0	 1	 34.961	5.607	243.70	 0.00		20.467	  1.37	22.41																										
EGEE 2	st027c01	B	2005-09-19T23:30:00z	  +2.844	 +5.994		   1.0	11	 35.298	4.723	206.20	 0.00		0.067	  0.12	 0.84																										
EGEE 2	st027c01	B	2005-09-19T23:30:00z	  +2.844	 +5.994		  10.7	10	 35.298	4.726	206.30	 0.01		0.082	  0.12	 0.77																										
EGEE 2	st027c01	B	2005-09-19T23:30:00z	  +2.844	 +5.994		  20.2	 9	 35.314	4.781	208.70	 0.01		0.072	  0.12	 0.75																										
EGEE 2	st027c01	B	2005-09-19T23:30:00z	  +2.844	 +5.994		  40.1	 8	 35.372	4.552	198.60	 0.01		0.211	  0.15	 0.78																										
EGEE 2	st027c01	B	2005-09-19T23:30:00z	  +2.844	 +5.994		  60.3	 7	 35.882	2.849	124.10	 0.21		12.167	  0.92	 4.15																										
EGEE 2	st027c01	B	2005-09-19T23:30:00z	  +2.844	 +5.994		  80.4	 6	 35.796	2.359	102.70	 0.05		17.316	  1.21	 5.78																										
EGEE 2	st027c01	B	2005-09-19T23:30:00z	  +2.844	 +5.994		 100.4	 5	 35.728	2.267	 98.70	 0.03		18.900	  1.30	 6.49																										
EGEE 2	st027c01	B	2005-09-19T23:30:00z	  +2.844	 +5.994		 130.5	 4	 35.621	2.033	 88.50	 0.02		21.640	  1.47	 7.89																										
EGEE 2	st027c01	B	2005-09-19T23:30:00z	  +2.844	 +5.994		 160.4	 3	 35.533	1.931	 84.00	 0.02		22.507	  1.51	 8.87																										
EGEE 2	st027c01	B	2005-09-19T23:30:00z	  +2.844	 +5.994		 300.2	 2	 35.118	1.310	 57.00	 0.01		30.956	  2.00	14.01																										
EGEE 2	st027c01	B	2005-09-19T23:30:00z	  +2.844	 +5.994		1001.9	 1	 34.644	3.517	152.90	 0.00		33.049	  2.25	32.01																										
EGEE 2	st028c01	B	2005-09-20T06:00:00z	  +2.838	 +5.258		   0.2	11	 35.103	4.772	208.30	 0.00		0.008	  0.09	 0.48																										
EGEE 2	st028c01	B	2005-09-20T06:00:00z	  +2.838	 +5.258		  10.0	10	 35.106	4.777	208.50	 0.00		0.019	  0.09	 0.52																										
EGEE 2	st028c01	B	2005-09-20T06:00:00z	  +2.838	 +5.258		  20.0	 9	 35.136	4.771	208.20	 0.00		0.018	  0.10	 0.51																										
EGEE 2	st028c01	B	2005-09-20T06:00:00z	  +2.838	 +5.258		  39.0	 8	 35.373	4.641	202.50	 0.01		0.030	  0.04	 0.46																										
EGEE 2	st028c01	B	2005-09-20T06:00:00z	  +2.838	 +5.258		  60.0	 7	 35.951	3.291	143.40	 1.35		8.482	  0.74	 3.11																										
EGEE 2	st028c01	B	2005-09-20T06:00:00z	  +2.838	 +5.258		  80.0	 6	 35.836	2.919	127.10	 0.06		13.694	  0.98	 4.27																										
EGEE 2	st028c01	B	2005-09-20T06:00:00z	  +2.838	 +5.258		 100.0	 5	 35.757	2.544	110.70	 0.01		16.833	  1.16	 5.47																										
EGEE 2	st028c01	B	2005-09-20T06:00:00z	  +2.838	 +5.258		 130.0	 4	 35.669	2.237	 97.40	 0.02		19.277	  1.32	 6.82																										
EGEE 2	st028c01	B	2005-09-20T06:00:00z	  +2.838	 +5.258		 159.0	 3	 35.598	2.190	 95.30	 0.02		20.122	  1.39	 7.50																										
EGEE 2	st028c01	B	2005-09-20T06:00:00z	  +2.838	 +5.258		 300.0	 2	 35.087	1.217	 53.00	 0.01		31.680	  2.01	14.26																										
EGEE 2	st028c01	B	2005-09-20T06:00:00z	  +2.838	 +5.258		1001.0	 1	 34.655	3.459	150.40	 0.00		32.979	  2.23	31.80																										
EGEE 2	st029c01	B	2005-09-20T13:00:00z	  +2.836	 +4.500		   0.2	11	 34.972	4.712	205.70	 0.00		0.029	  0.02	 0.07																										
EGEE 2	st029c01	B	2005-09-20T13:00:00z	  +2.836	 +4.500		  10.0	10	 34.770	4.703	205.40	 0.01		0.068	  0.03	 0.08																										
EGEE 2	st029c01	B	2005-09-20T13:00:00z	  +2.836	 +4.500		  20.0	 9	 34.973	4.729	206.50	 0.00		0.020	  0.03	 0.06																										
EGEE 2	st029c01	B	2005-09-20T13:00:00z	  +2.836	 +4.500		  39.0	 8	 35.196	4.681	204.30	 0.00		0.020	  0.06	 0.11																										
EGEE 2	st029c01	B	2005-09-20T13:00:00z	  +2.836	 +4.500		  60.0	 7	 35.903	3.108	135.40	 0.15		8.375	  0.73	 3.14																										
EGEE 2	st029c01	B	2005-09-20T13:00:00z	  +2.836	 +4.500		  80.0	 6	 35.786	2.374	103.40	 0.05		16.950	  1.16	 5.74																										
EGEE 2	st029c01	B	2005-09-20T13:00:00z	  +2.836	 +4.500		 100.0	 5	 35.722	2.210	 96.20	 0.04		18.727	  1.27	 6.35																										
EGEE 2	st029c01	B	2005-09-20T13:00:00z	  +2.836	 +4.500		 130.0	 4	 35.627	2.403	104.60	 0.02		18.931	  1.30	 6.84																										
EGEE 2	st029c01	B	2005-09-20T13:00:00z	  +2.836	 +4.500		 159.0	 3	 35.548	2.121	 92.30	 0.01		21.233	  1.44	 7.86																										
EGEE 2	st029c01	B	2005-09-20T13:00:00z	  +2.836	 +4.500		 300.0	 2	 35.106	1.306	 56.80	 0.01		30.942	  1.95	13.44																										
EGEE 2	st029c01	B	2005-09-20T13:00:00z	  +2.836	 +4.500		1001.0	 1	 34.643	3.406	148.10	 0.00		33.191	  2.25	31.61																										
EGEE 2	st030c01	B	2005-09-20T19:00:00z	  +2.837	 +3.751		   0.0	11	 35.038	4.706	205.40	 0.01		0.028	  0.01	 0.73																										
EGEE 2	st030c01	B	2005-09-20T19:00:00z	  +2.837	 +3.751		  10.0	10	 35.041	4.722	206.20	 0.00		0.039	  0.00	 0.90																										
EGEE 2	st030c01	B	2005-09-20T19:00:00z	  +2.837	 +3.751		  20.0	 9	 35.035	4.717	205.90	 0.00		0.049	  0.00	 0.88																										
EGEE 2	st030c01	B	2005-09-20T19:00:00z	  +2.837	 +3.751		  40.0	 8	 35.132	4.771	208.20	 0.00		0.059	  0.04	 1.00																										
EGEE 2	st030c01	B	2005-09-20T19:00:00z	  +2.837	 +3.751		  60.0	 7	 35.501	4.179	182.30	 0.40		2.189	  0.31	 2.36																										
EGEE 2	st030c01	B	2005-09-20T19:00:00z	  +2.837	 +3.751		  80.0	 6	 35.709	2.373	103.30	 0.06		17.701	  1.18	 7.28																										
EGEE 2	st030c01	B	2005-09-20T19:00:00z	  +2.837	 +3.751		 100.0	 5	 35.661	2.192	 95.40	 0.02		19.496	  1.32	 8.11																										
EGEE 2	st030c01	B	2005-09-20T19:00:00z	  +2.837	 +3.751		 130.0	 4	 35.589	2.014	 87.70	 0.00		21.165	  1.40	 8.75																										
EGEE 2	st030c01	B	2005-09-20T19:00:00z	  +2.837	 +3.751		 160.0	 3	 35.521	1.895	 82.50	 0.00		22.474	  1.52	 9.46																										
EGEE 2	st030c01	B	2005-09-20T19:00:00z	  +2.837	 +3.751		 300.0	 2	 35.057	1.401	 61.00	 0.00		31.534	  1.95	14.59																										
EGEE 2	st030c01	B	2005-09-20T19:00:00z	  +2.837	 +3.751		1002.0	 1	 34.641	3.437	149.50	 0.00		33.029	  2.21	31.76																										
EGEE 2	st031c01	B	2005-09-21T01:00:00z	  +2.834	 +3.008		   0.0	11	 35.126	4.708	205.50	 0.01		0.086	  0.01	 0.65																										
EGEE 2	st031c01	B	2005-09-21T01:00:00z	  +2.834	 +3.008		  10.0	10	 35.126	4.732	206.50	 0.00		0.066	  0.01	 0.71																										
EGEE 2	st031c01	B	2005-09-21T01:00:00z	  +2.834	 +3.008		  20.0	 9	 35.252	4.727	206.30	 0.00		0.039	  0.00	 0.69																										
EGEE 2	st031c01	B	2005-09-21T01:00:00z	  +2.834	 +3.008		  41.0	 8	 35.734	4.734	206.50	 0.01		0.107	  0.07	 0.93																										
EGEE 2	st031c01	B	2005-09-21T01:00:00z	  +2.834	 +3.008		  60.0	 7	 35.689	2.525	110.00	 0.21		16.051	  1.09	 6.65																										
EGEE 2	st031c01	B	2005-09-21T01:00:00z	  +2.834	 +3.008		  79.0	 6	 35.121	2.283	 99.50	 0.05		18.721	  1.25	 7.38																										
EGEE 2	st031c01	B	2005-09-21T01:00:00z	  +2.834	 +3.008		  99.0	 5	 35.634	2.823	122.90	 0.05		17.286	  1.18	 6.91																										
EGEE 2	st031c01	B	2005-09-21T01:00:00z	  +2.834	 +3.008		 130.0	 4	 35.559	2.021	 88.00	 0.03		21.561	  1.43	 8.90																										
EGEE 2	st031c01	B	2005-09-21T01:00:00z	  +2.834	 +3.008		 160.0	 3	 35.526	1.955	 85.10	 0.02		22.206	  1.47	 9.35																										
EGEE 2	st031c01	B	2005-09-21T01:00:00z	  +2.834	 +3.008		 301.0	 2	 35.074	1.607	 69.90	 0.02		30.193	  1.89	13.67																										
EGEE 2	st031c01	B	2005-09-21T01:00:00z	  +2.834	 +3.008		1001.0	 1	 34.629	3.441	149.60	 0.02		33.382	  2.23	31.92																										
EGEE 2	st032c01	B	2005-09-21T07:30:00z	  +2.834	 +2.250		   1.0	11	 35.168	4.761	207.80	 0.00		0.039	  0.03	 0.62																										
EGEE 2	st032c01	B	2005-09-21T07:30:00z	  +2.834	 +2.250		  10.0	10	 35.169	4.791	209.10	 0.00		0.059	  0.02	 0.61																										
EGEE 2	st032c01	B	2005-09-21T07:30:00z	  +2.834	 +2.250		  20.0	 9	 35.168	4.729	206.40	 0.00		0.039	  0.02	 0.64																										
EGEE 2	st032c01	B	2005-09-21T07:30:00z	  +2.834	 +2.250		  40.0	 8	 35.173	4.712	205.70	 0.00		0.049	  0.04	 0.72																										
EGEE 2	st032c01	B	2005-09-21T07:30:00z	  +2.834	 +2.250		  60.0	 7	 35.684	4.097	178.50	 0.16		6.345	  0.55	 3.24																										
EGEE 2	st032c01	B	2005-09-21T07:30:00z	  +2.834	 +2.250		  80.0	 6	 35.706	3.111	135.40	 0.15		14.407	  0.99	 5.59																										
EGEE 2	st032c01	B	2005-09-21T07:30:00z	  +2.834	 +2.250		 100.0	 5	 35.628	2.589	112.70	 0.00		18.244	  1.20	 7.13																										
EGEE 2	st032c01	B	2005-09-21T07:30:00z	  +2.834	 +2.250		 130.0	 4	 35.555	2.651	115.40	 0.00		18.733	  1.23	 7.61																										
EGEE 2	st032c01	B	2005-09-21T07:30:00z	  +2.834	 +2.250		 160.0	 3	 35.502	2.729	118.80	 0.00		19.065	  1.27	 7.98																										
EGEE 2	st032c01	B	2005-09-21T07:30:00z	  +2.834	 +2.250		 300.0	 2	 35.117	1.419	 61.80	 0.00		30.391	  1.90	13.62																										
EGEE 2	st032c01	B	2005-09-21T07:30:00z	  +2.834	 +2.250		1003.0	 1	 34.648	3.542	154.00	 0.00		32.785	  2.18	31.34																										
EGEE 2	st033c01	B	2005-09-21T14:00:00z	  +2.833	 +1.510		   0.0	11	 35.260	4.712	205.70	 0.01		0.091	  0.03	 0.59																										
EGEE 2	st033c01	B	2005-09-21T14:00:00z	  +2.833	 +1.510		  10.0	10	 35.255	4.787	209.00	 0.01		0.085	  0.04	 0.64																										
EGEE 2	st033c01	B	2005-09-21T14:00:00z	  +2.833	 +1.510		  20.0	 9	 35.255	4.786	208.90	 0.02		0.067	  0.04	 0.58																										
EGEE 2	st033c01	B	2005-09-21T14:00:00z	  +2.833	 +1.510		  40.0	 8	 35.451	4.806	209.70	 0.02		0.132	  0.06	 0.70																										
EGEE 2	st033c01	B	2005-09-21T14:00:00z	  +2.833	 +1.510		  60.0	 7	 35.712	3.845	167.50	 0.26		8.646	  0.69	 3.91																										
EGEE 2	st033c01	B	2005-09-21T14:00:00z	  +2.833	 +1.510		  80.0	 6	 35.655	3.099	134.90	 0.25		15.153	  1.03	 5.78																										
EGEE 2	st033c01	B	2005-09-21T14:00:00z	  +2.833	 +1.510		 100.0	 5	 35.577	2.952	128.50	 0.08		16.989	  1.14	 6.69																										
EGEE 2	st033c01	B	2005-09-21T14:00:00z	  +2.833	 +1.510		 130.0	 4	 35.509	3.061	133.20	 0.05		17.221	  1.16	 7.16																										
EGEE 2	st033c01	B	2005-09-21T14:00:00z	  +2.833	 +1.510		 160.0	 3	 35.497	2.991	130.20	 0.05		17.607	  1.18	 7.18																										
EGEE 2	st033c01	B	2005-09-21T14:00:00z	  +2.833	 +1.510		 299.0	 2	 35.152	1.764	 76.80	 0.05		28.270	  1.75	12.18																										
EGEE 2	st033c01	B	2005-09-21T14:00:00z	  +2.833	 +1.510		 999.0	 1	 34.641	3.626	157.60	 0.03		32.210	  2.13	31.03																										
EGEE 2	st034c01	B	2005-09-21T18:30:00z	  +2.835	 +1.002		   0.0	11	 35.349	4.749	207.20	 0.00		0.088	  0.06	 0.66																										
EGEE 2	st034c01	B	2005-09-21T18:30:00z	  +2.835	 +1.002		  10.0	10	 35.348	4.649	202.90	 0.00		0.088	  0.07	 0.59																										
EGEE 2	st034c01	B	2005-09-21T18:30:00z	  +2.835	 +1.002		  20.0	 9	 35.345	4.794	209.20	 0.00		0.068	  0.06	 0.58																										
EGEE 2	st034c01	B	2005-09-21T18:30:00z	  +2.835	 +1.002		  40.0	 8	 35.362	4.748	207.20	 0.00		0.166	  0.08	 0.66																										
EGEE 2	st034c01	B	2005-09-21T18:30:00z	  +2.835	 +1.002		  60.0	 7	 35.746	3.315	144.30	 0.00		12.225	  0.87	 4.66																										
EGEE 2	st034c01	B	2005-09-21T18:30:00z	  +2.835	 +1.002		  80.0	 6	 35.622	2.891	125.80	 0.07		16.770	  1.13	 6.28																										
EGEE 2	st034c01	B	2005-09-21T18:30:00z	  +2.835	 +1.002		 101.0	 5	 35.543	3.173	138.10	 0.02		16.258	  1.09	 6.55																										
EGEE 2	st034c01	B	2005-09-21T18:30:00z	  +2.835	 +1.002		 130.0	 4	 35.586	3.001	130.60	 0.01		17.207	  1.16	 7.06																										
EGEE 2	st034c01	B	2005-09-21T18:30:00z	  +2.835	 +1.002		 160.0	 3	 35.490	2.961	128.90	 0.01		18.043	  1.20	 7.30																										
EGEE 2	st034c01	B	2005-09-21T18:30:00z	  +2.835	 +1.002		 300.0	 2	 35.110	1.881	 81.90	 0.00		28.365	  1.76	12.50																										
EGEE 2	st034c01	B	2005-09-21T18:30:00z	  +2.835	 +1.002		1002.0	 1	 34.648	3.622	157.50	 0.01		32.512	  2.17	31.47																										
EGEE 2	st035c01	B	2005-09-21T23:30:00z	  +2.834	 +0.499		   1.0	11	 35.350	4.706	205.40	 0.00		0.068	  0.06	 0.46																										
EGEE 2	st035c01	B	2005-09-21T23:30:00z	  +2.834	 +0.499		  11.0	10	 35.350	4.762	207.80	 0.02		0.102	  0.05	 0.45																										
EGEE 2	st035c01	B	2005-09-21T23:30:00z	  +2.834	 +0.499		  21.0	 9	 35.349	4.725	206.20	 0.01		0.088	  0.05	 0.42																										
EGEE 2	st035c01	B	2005-09-21T23:30:00z	  +2.834	 +0.499		  41.0	 8	 35.360	4.750	207.30	 0.00		0.203	  0.06	 0.47																										
EGEE 2	st035c01	B	2005-09-21T23:30:00z	  +2.834	 +0.499		  60.0	 7	 35.943	3.982	173.50	 0.28		6.566	  0.55	 3.02																										
EGEE 2	st035c01	B	2005-09-21T23:30:00z	  +2.834	 +0.499		  80.0	 6	 35.892	3.420	149.00	 0.20		10.642	  0.79	 4.07																										
EGEE 2	st035c01	B	2005-09-21T23:30:00z	  +2.834	 +0.499		 101.0	 5	 35.672	3.238	141.00	 0.06		15.291	  1.04	 5.94																										
EGEE 2	st035c01	B	2005-09-21T23:30:00z	  +2.834	 +0.499		 130.0	 4	 35.536	3.399	148.00	 0.02		15.255	  1.04	 6.21																										
EGEE 2	st035c01	B	2005-09-21T23:30:00z	  +2.834	 +0.499		 161.0	 3	 35.513	3.143	136.80	 0.00		16.729	  1.12	 6.75																										
EGEE 2	st035c01	B	2005-09-21T23:30:00z	  +2.834	 +0.499		 300.0	 2	 35.094	1.796	 78.20	 0.00		28.993	  1.77	12.64																										
EGEE 2	st035c01	B	2005-09-21T23:30:00z	  +2.834	 +0.499		1001.9	 1	 34.656	3.716	161.60	 0.00		32.340	  2.11	31.08																										
EGEE 2	st036c01	B	2005-09-22T04:00:00z	  +2.834	 +0.008		   1.0	11	 35.459	4.711	205.60	 0.00		0.057	  0.02	 0.62																										
EGEE 2	st036c01	B	2005-09-22T04:00:00z	  +2.834	 +0.008		  10.0	10	 35.454	4.722	206.00	 0.00		0.068	  0.04	 0.64																										
EGEE 2	st036c01	B	2005-09-22T04:00:00z	  +2.834	 +0.008		  20.0	 9	 35.458	4.783	208.70	 0.00		0.046	  0.02	 0.63																										
EGEE 2	st036c01	B	2005-09-22T04:00:00z	  +2.834	 +0.008		  40.0	 8	 35.505	4.684	204.30	 0.03		0.461	  0.07	 0.86																										
EGEE 2	st036c01	B	2005-09-22T04:00:00z	  +2.834	 +0.008		  60.0	 7	 35.950	3.814	166.10	 0.42		6.968	  0.59	 3.31																										
EGEE 2	st036c01	B	2005-09-22T04:00:00z	  +2.834	 +0.008		  80.0	 6	 35.861	3.458	150.60	 0.08		11.723	  0.86	 4.76																										
EGEE 2	st036c01	B	2005-09-22T04:00:00z	  +2.834	 +0.008		 100.0	 5	 35.693	3.725	162.20	 0.05		12.359	  0.89	 5.35																										
EGEE 2	st036c01	B	2005-09-22T04:00:00z	  +2.834	 +0.008		 130.0	 4	 35.629	3.579	155.80	 0.03		13.462	  0.97	 5.80																										
EGEE 2	st036c01	B	2005-09-22T04:00:00z	  +2.834	 +0.008		 160.0	 3	 35.561	3.409	148.40	 0.03		14.890	  1.05	 6.25																										
EGEE 2	st036c01	B	2005-09-22T04:00:00z	  +2.834	 +0.008		 300.0	 2	 35.144	1.752	 76.20	 0.02		28.167	  1.76	12.04																										
EGEE 2	st036c01	B	2005-09-22T04:00:00z	  +2.834	 +0.008		1000.0	 1	 34.675	3.685	160.20	 0.01		31.678	  2.10	30.35																										
EGEE 2	st037c01	B	2005-09-22T09:30:00z	  +2.836	 -0.499		   1.0	11	 35.503	4.693	204.80	 0.00		0.068	  0.02	 0.66																										
EGEE 2	st037c01	B	2005-09-22T09:30:00z	  +2.836	 -0.499		  10.0	10	 35.502	4.790	209.00	 0.00		0.095	  0.03	 0.68																										
EGEE 2	st037c01	B	2005-09-22T09:30:00z	  +2.836	 -0.499		  21.0	 9	 35.504	4.764	207.90	 0.00		0.086	  0.01	 0.67																										
EGEE 2	st037c01	B	2005-09-22T09:30:00z	  +2.836	 -0.499		  41.0	 8	 35.647	4.600	200.60	 0.06		1.207	  0.15	 1.61																										
EGEE 2	st037c01	B	2005-09-22T09:30:00z	  +2.836	 -0.499		  60.0	 7	 35.896	3.836	167.10	 0.75		6.761	  0.60	 3.18																										
EGEE 2	st037c01	B	2005-09-22T09:30:00z	  +2.836	 -0.499		  81.0	 6	 35.830	3.313	144.20	 0.08		12.418	  0.91	 4.76																										
EGEE 2	st037c01	B	2005-09-22T09:30:00z	  +2.836	 -0.499		 100.0	 5	 35.658	3.119	135.80	 0.08		15.272	  1.10	 5.88																										
EGEE 2	st037c01	B	2005-09-22T09:30:00z	  +2.836	 -0.499		 130.0	 4	 35.351	3.214	139.90	 0.04		15.906	  1.09	 6.51																										
EGEE 2	st037c01	B	2005-09-22T09:30:00z	  +2.836	 -0.499		 161.0	 3	 35.511	3.101	135.00	 0.03		16.862	  1.15	 6.92																										
EGEE 2	st037c01	B	2005-09-22T09:30:00z	  +2.836	 -0.499		 301.0	 2	 35.150	1.732	 75.30	 0.02		28.298	  1.76	12.04																										
EGEE 2	st037c01	B	2005-09-22T09:30:00z	  +2.836	 -0.499		1001.0	 1	 34.681	3.698	160.80	 0.01		31.425	  2.09	30.38																										
EGEE 2	st038c01	B	2005-09-22T14:00:00z	  +2.834	 -0.993		   1.0	11	 35.628	4.725	206.20	 0.01		0.057	  0.03	 0.83																										
EGEE 2	st038c01	B	2005-09-22T14:00:00z	  +2.834	 -0.993		  10.0	10	 35.640	4.726	206.20	 0.01		0.048	  0.01	 0.81																										
EGEE 2	st038c01	B	2005-09-22T14:00:00z	  +2.834	 -0.993		  20.0	 9	 35.632	4.736	206.60	 0.02		0.034	  0.07	 0.85																										
EGEE 2	st038c01	B	2005-09-22T14:00:00z	  +2.834	 -0.993		  40.0	 8	 35.730	4.661	203.20	 0.10		1.414	  0.19	 1.68																										
EGEE 2	st038c01	B	2005-09-22T14:00:00z	  +2.834	 -0.993		  60.0	 7	 35.835	3.798	165.50	 0.79		7.051	  0.64	 3.18																										
EGEE 2	st038c01	B	2005-09-22T14:00:00z	  +2.834	 -0.993		  80.0	 6	 35.641	2.655	115.60	 0.23		17.027	  1.17	 6.07																										
EGEE 2	st038c01	B	2005-09-22T14:00:00z	  +2.834	 -0.993		 100.0	 5	 35.531	3.098	134.90	 0.04		16.446	  1.13	 6.61																										
EGEE 2	st038c01	B	2005-09-22T14:00:00z	  +2.834	 -0.993		 130.0	 4	 35.514	3.028	131.80	 0.02		17.177	  1.16	 6.91																										
EGEE 2	st038c01	B	2005-09-22T14:00:00z	  +2.834	 -0.993		 160.0	 3	 35.483	2.686	116.90	 0.03		19.130	  1.28	 7.77																										
EGEE 2	st038c01	B	2005-09-22T14:00:00z	  +2.834	 -0.993		 300.0	 2	 35.089	1.764	 76.80	 0.02		29.002	  1.78	12.62																										
EGEE 2	st038c01	B	2005-09-22T14:00:00z	  +2.834	 -0.993		1002.0	 1	 34.660	3.673	159.70	 0.02		32.094	  2.11	30.87																										
EGEE 2	st039c01	B	2005-09-22T18:30:00z	  +2.835	 -1.498		   0.0	11	 35.692	4.763	207.80	 0.00		0.036	  0.01	 0.83																										
EGEE 2	st039c01	B	2005-09-22T18:30:00z	  +2.835	 -1.498		  10.0	10	 35.687	4.777	208.40	 0.01		0.021	  0.01	 0.79																										
EGEE 2	st039c01	B	2005-09-22T18:30:00z	  +2.835	 -1.498		  20.0	 9	 35.684	4.799	209.30	 0.00		0.039	  0.01	 0.78																										
EGEE 2	st039c01	B	2005-09-22T18:30:00z	  +2.835	 -1.498		  40.0	 8	 35.755	4.690	204.50	 0.12		1.420	  0.18	 1.58																										
EGEE 2	st039c01	B	2005-09-22T18:30:00z	  +2.835	 -1.498		  60.0	 7	 35.723	3.080	134.10	 0.90		12.558	  0.96	 4.72																										
EGEE 2	st039c01	B	2005-09-22T18:30:00z	  +2.835	 -1.498		  80.0	 6	 35.635	2.811	122.40	 0.08		16.525	  1.11	 5.88																										
EGEE 2	st039c01	B	2005-09-22T18:30:00z	  +2.835	 -1.498		 100.0	 5	 35.618	2.885	125.60	 0.05		16.515	  1.11	 6.14																										
EGEE 2	st039c01	B	2005-09-22T18:30:00z	  +2.835	 -1.498		 130.0	 4	 35.597	2.945	128.20	 0.04		16.430	  1.10	 6.30																										
EGEE 2	st039c01	B	2005-09-22T18:30:00z	  +2.835	 -1.498		 159.0	 3	 35.517	2.765	120.30	 0.00		18.400	  1.20	 7.23																										
EGEE 2	st039c01	B	2005-09-22T18:30:00z	  +2.835	 -1.498		 300.0	 2	 35.170	1.917	 83.40	 0.01		26.603	  1.65	11.07																										
EGEE 2	st039c01	B	2005-09-22T18:30:00z	  +2.835	 -1.498		1002.0	 1	 34.648	3.645	158.40	 0.01		32.146	  2.11	30.99																										
EGEE 2	st040c01	B	2005-09-22T23:50:00z	  +2.837	 -1.997		   0.1	11	 35.702	4.817	210.10	 0.01		0.000	  0.03	 1.01																										
EGEE 2	st040c01	B	2005-09-22T23:50:00z	  +2.837	 -1.997		  10.5	10	 35.686	4.826	210.50	 0.01		0.000	  0.04	 0.98																										
EGEE 2	st040c01	B	2005-09-22T23:50:00z	  +2.837	 -1.997		  20.4	 9	 35.685	4.839	211.10	 0.01		0.000	  0.04	 0.94																										
EGEE 2	st040c01	B	2005-09-22T23:50:00z	  +2.837	 -1.997		  40.3	 8	 35.775	4.417	192.50	 0.31		3.527	  0.36	 2.17																										
EGEE 2	st040c01	B	2005-09-22T23:50:00z	  +2.837	 -1.997		  60.7	 7	 35.691	2.902	126.30	 0.17		15.303	  1.05	 5.57																										
EGEE 2	st040c01	B	2005-09-22T23:50:00z	  +2.837	 -1.997		  80.7	 6	 35.666	2.960	128.80	 0.04		15.830	  1.07	 6.00																										
EGEE 2	st040c01	B	2005-09-22T23:50:00z	  +2.837	 -1.997		 100.4	 5	 35.611	2.937	127.90	 0.01		16.541	  1.12	 6.31																										
EGEE 2	st040c01	B	2005-09-22T23:50:00z	  +2.837	 -1.997		 130.4	 4	 35.544	2.866	124.70	 0.01		17.520	  1.15	 6.86																										
EGEE 2	st040c01	B	2005-09-22T23:50:00z	  +2.837	 -1.997		 154.2	 3	 35.527	2.640	114.90	 0.01		18.827	  1.23	 7.37																										
EGEE 2	st040c01	B	2005-09-22T23:50:00z	  +2.837	 -1.997		 300.9	 2	 35.111	1.608	 69.90	 0.02		29.247	  1.79	12.39																										
EGEE 2	st040c01	B	2005-09-22T23:50:00z	  +2.837	 -1.997		1000.0	 1	 34.628	3.614	157.10	 0.00		32.608	  2.12	31.50																										
EGEE 2	st041c01	B	2005-09-23T03:30:00z	  +2.834	 -2.501		   0.0	11	 35.754	4.875	212.60	 0.01		0.072	  0.07	 1.31																										
EGEE 2	st041c01	B	2005-09-23T03:30:00z	  +2.834	 -2.501		  10.0	10	 35.741	4.866	212.20	 0.01		0.074	  0.07	 1.25																										
EGEE 2	st041c01	B	2005-09-23T03:30:00z	  +2.834	 -2.501		  20.0	 9	 35.751	4.835	210.80	 0.07		0.627	  0.13	 1.44																										
EGEE 2	st041c01	B	2005-09-23T03:30:00z	  +2.834	 -2.501		  40.0	 8	 35.699	2.975	129.50																															
EGEE 2	st041c01	B	2005-09-23T03:30:00z	  +2.834	 -2.501		  60.0	 7	 35.655	2.958	128.70	 0.05		15.919	  1.08	 6.14																										
EGEE 2	st041c01	B	2005-09-23T03:30:00z	  +2.834	 -2.501		  80.0	 6	 35.719	3.032	132.00	 0.04		15.869	  1.07	 6.19																										
EGEE 2	st041c01	B	2005-09-23T03:30:00z	  +2.834	 -2.501		  99.0	 5	 35.586	2.952	128.50	 0.04		16.673	  1.12	 6.47																										
EGEE 2	st041c01	B	2005-09-23T03:30:00z	  +2.834	 -2.501		 130.0	 4	 35.537	2.777	120.80	 0.02		18.158	  1.19	 6.98																										
EGEE 2	st041c01	B	2005-09-23T03:30:00z	  +2.834	 -2.501		 160.0	 3	 35.505	2.640	114.90	 0.02		19.092	  1.25	 7.45																										
EGEE 2	st041c01	B	2005-09-23T03:30:00z	  +2.834	 -2.501		 300.0	 2	 35.254	1.857	 80.80	 0.01		25.657	  1.60	 9.88																										
EGEE 2	st041c01	B	2005-09-23T03:30:00z	  +2.834	 -2.501		1002.0	 1	 34.636	3.619	157.30	 0.01		32.581	  2.14	31.09																										
EGEE 2	st042c01	B	2005-09-23T07:50:00z	  +2.835	 -2.999		   0.3	10	 35.739			 0.01		0.089	  0.09	 1.36																										
EGEE 2	st042c01	B	2005-09-23T07:50:00z	  +2.835	 -2.999		  10.2	 9	 35.738			 0.02		0.098	  0.09	 1.16																										
EGEE 2	st042c01	B	2005-09-23T07:50:00z	  +2.835	 -2.999		  20.6	 8	 35.737			 0.06		0.728	  0.15	 1.47																										
EGEE 2	st042c01	B	2005-09-23T07:50:00z	  +2.835	 -2.999		  40.6	 7	 35.656	2.803	122.00	 0.48		15.757	  1.10	 5.68																										
EGEE 2	st042c01	B	2005-09-23T07:50:00z	  +2.835	 -2.999		  60.5	 6	 35.609	2.998	130.50	 0.06		16.319	  1.11	 6.26																										
EGEE 2	st042c01	B	2005-09-23T07:50:00z	  +2.835	 -2.999		 100.4	 5	 35.552	3.126	136.10	 0.03		16.727	  1.13	 6.56																										
EGEE 2	st042c01	B	2005-09-23T07:50:00z	  +2.835	 -2.999		 136.6	 4	 35.526	2.938	127.90	 0.02		17.506	  1.15	 6.76																										
EGEE 2	st042c01	B	2005-09-23T07:50:00z	  +2.835	 -2.999		 154.0	 3	 35.501	2.579	112.20	 0.01		19.666	  1.27	 7.50																										
EGEE 2	st042c01	B	2005-09-23T07:50:00z	  +2.835	 -2.999		 300.8	 2	 35.246	1.949	 84.80	 0.01		25.596	  1.59	10.01																										
EGEE 2	st042c01	B	2005-09-23T07:50:00z	  +2.835	 -2.999		 996.0	 1	 34.616	3.624	157.60	 0.00		32.907	  2.14	31.50																										
EGEE 2	st043c01	B	2005-09-23T13:00:00z	  +2.833	 -3.492		   0.4	11	 35.697	4.915	214.40	 0.00		0.085	  0.12	 0.97																										
EGEE 2	st043c01	B	2005-09-23T13:00:00z	  +2.833	 -3.492		  11.0	10	 35.693	4.934	215.10	 0.01		0.088	  0.13	 0.88																										
EGEE 2	st043c01	B	2005-09-23T13:00:00z	  +2.833	 -3.492		  21.0	 9	 35.702	4.565	199.00	 0.17		2.664	  0.31	 2.01																										
EGEE 2	st043c01	B	2005-09-23T13:00:00z	  +2.833	 -3.492		  39.0	 8	 35.642	2.740	119.30	 0.67		16.083	  1.12	 5.76																										
EGEE 2	st043c01	B	2005-09-23T13:00:00z	  +2.833	 -3.492		  61.0	 7	 35.546	2.990	130.20	 0.05		17.063	  1.14	 6.66																										
EGEE 2	st043c01	B	2005-09-23T13:00:00z	  +2.833	 -3.492		  80.0	 6	 35.526	2.991	130.20	 0.01		17.184	  1.13	 6.77																										
EGEE 2	st043c01	B	2005-09-23T13:00:00z	  +2.833	 -3.492		 100.0	 5	 35.513	2.914	126.80	 0.02		17.763	  1.17	 7.08																										
EGEE 2	st043c01	B	2005-09-23T13:00:00z	  +2.833	 -3.492		 130.0	 4	 35.484	2.848	124.00	 0.02		18.423	  1.21	 7.30																										
EGEE 2	st043c01	B	2005-09-23T13:00:00z	  +2.833	 -3.492		 159.0	 3	 35.443	2.808	122.20	 0.02		19.044	  1.23	 7.49																										
EGEE 2	st043c01	B	2005-09-23T13:00:00z	  +2.833	 -3.492		 300.0	 2	 35.151	1.850	 80.50	 0.01		27.285	  1.68	11.15																										
EGEE 2	st043c01	B	2005-09-23T13:00:00z	  +2.833	 -3.492		1004.0	 1	 34.618	3.588	156.00	 0.01		33.162	  2.16	31.66																										
EGEE 2	st044c01	B	2005-09-23T17:30:00z	  +2.833	 -3.998		   1.0	11	 35.866	4.982	217.20	 0.07		0.000	  0.17	 1.89																										
EGEE 2	st044c01	B	2005-09-23T17:30:00z	  +2.833	 -3.998		  10.0	10	 35.894	4.999	217.90	 0.05		0.105	  0.19	 1.97																										
EGEE 2	st044c01	B	2005-09-23T17:30:00z	  +2.833	 -3.998		  20.0	 9	 35.827	4.376	190.70	 0.27		4.295	  0.48	 3.18																										
EGEE 2	st044c01	B	2005-09-23T17:30:00z	  +2.833	 -3.998		  40.0	 8	 35.661	2.836	123.50	 0.24		15.573	  1.14	 6.08																										
EGEE 2	st044c01	B	2005-09-23T17:30:00z	  +2.833	 -3.998		  60.0	 7	 35.615	2.736	119.10	 0.09		16.572	  1.19	 6.59																										
EGEE 2	st044c01	B	2005-09-23T17:30:00z	  +2.833	 -3.998		  79.0	 6	 35.593	2.741	119.30	 0.07		16.701	  1.19	 6.67																										
EGEE 2	st044c01	B	2005-09-23T17:30:00z	  +2.833	 -3.998		 100.0	 5	 35.574	2.634	114.60	 0.03		17.733	  1.23	 7.23																										
EGEE 2	st044c01	B	2005-09-23T17:30:00z	  +2.833	 -3.998		 130.0	 4	 35.532	2.358	102.60	 0.02		19.482	  1.34	 7.92																										
EGEE 2	st044c01	B	2005-09-23T17:30:00z	  +2.833	 -3.998		 160.0	 3	 35.501	2.260	 98.40	 0.02		20.438	  1.39	 8.09																										
EGEE 2	st044c01	B	2005-09-23T17:30:00z	  +2.833	 -3.998		 300.0	 2	 35.092	1.423	 61.90	 0.00		29.358	  1.88	12.91																										
EGEE 2	st044c01	B	2005-09-23T17:30:00z	  +2.833	 -3.998		1001.0	 1	 34.562	3.316	144.20	 0.00		33.625	  2.33	33.41																										
EGEE 2	st045c01	B	2005-09-24T01:00:00z	  +3.666	 -3.435		   1.0	11	 35.652	4.900	213.70	 0.02		0.085	  0.12	 0.85																										
EGEE 2	st045c01	B	2005-09-24T01:00:00z	  +3.666	 -3.435		  10.0	10	 35.652	4.911	214.10	 0.00		0.037	  0.13	 0.76																										
EGEE 2	st045c01	B	2005-09-24T01:00:00z	  +3.666	 -3.435		  20.0	 9	 35.654	4.920	214.50	 0.02		0.066	  0.13	 0.79																										
EGEE 2	st045c01	B	2005-09-24T01:00:00z	  +3.666	 -3.435		  41.0	 8	 35.656	2.751	119.80	 0.47		16.175	  1.10	 5.79																										
EGEE 2	st045c01	B	2005-09-24T01:00:00z	  +3.666	 -3.435		  60.0	 7	 35.584	2.974	129.40	 0.05		16.676	  1.10	 6.38																										
EGEE 2	st045c01	B	2005-09-24T01:00:00z	  +3.666	 -3.435		  80.0	 6	 35.556	3.074	133.80	 0.03		16.530	  1.10	 6.65																										
EGEE 2	st045c01	B	2005-09-24T01:00:00z	  +3.666	 -3.435		  99.0	 5	 35.532	3.065	133.40	 0.03		17.121	  1.13	 6.81																										
EGEE 2	st045c01	B	2005-09-24T01:00:00z	  +3.666	 -3.435		 130.0	 4	 35.497	2.612	113.70	 0.02		19.394	  1.25	 7.60																										
EGEE 2	st045c01	B	2005-09-24T01:00:00z	  +3.666	 -3.435		 159.0	 3	 35.475	2.878	125.20	 0.02		18.293	  1.20	 7.49																										
EGEE 2	st045c01	B	2005-09-24T01:00:00z	  +3.666	 -3.435		 300.0	 2	 35.199	1.762	 76.70	 0.02		27.264	  1.67	11.04																										
EGEE 2	st045c01	B	2005-09-24T01:00:00z	  +3.666	 -3.435		1002.0	 1	 34.600	3.523	153.20	 0.02		33.633	  2.17	32.19																										
EGEE 2	st046c01	B	2005-09-24T08:00:00z	  +4.484	 -2.883		   0.0	11	 35.664	4.894	213.40	 0.03		0.088	  0.12	 0.81																										
EGEE 2	st046c01	B	2005-09-24T08:00:00z	  +4.484	 -2.883		  11.0	10	 35.664	4.903	213.80	 0.02		0.067	  0.26	 0.82																										
EGEE 2	st046c01	B	2005-09-24T08:00:00z	  +4.484	 -2.883		  20.0	 9	 35.666	4.875	212.60	 0.03		0.186	  0.15	 0.80																										
EGEE 2	st046c01	B	2005-09-24T08:00:00z	  +4.484	 -2.883		  41.0	 8	 35.759	3.219	140.10	 0.70		12.040	  0.92	 4.36																										
EGEE 2	st046c01	B	2005-09-24T08:00:00z	  +4.484	 -2.883		  57.0	 7	 35.734	2.932	127.60	 0.10		14.874	  1.05	 5.17																										
EGEE 2	st046c01	B	2005-09-24T08:00:00z	  +4.484	 -2.883		  81.0	 6	 35.675	3.014	131.20	 0.05		15.327	  1.07	 5.84																										
EGEE 2	st046c01	B	2005-09-24T08:00:00z	  +4.484	 -2.883		 100.0	 5	 35.651	3.095	134.70	 0.05		15.589	  1.08	 6.06																										
EGEE 2	st046c01	B	2005-09-24T08:00:00z	  +4.484	 -2.883		 128.0	 4	 35.575	3.120	135.80	 0.04		15.910	  1.10	 5.99																										
EGEE 2	st046c01	B	2005-09-24T08:00:00z	  +4.484	 -2.883		 160.0	 3	 35.522	3.036	132.10	 0.02		17.100	  1.18	 6.66																										
EGEE 2	st046c01	B	2005-09-24T08:00:00z	  +4.484	 -2.883		 300.0	 2	 35.197	1.405	 61.10	 0.01		28.659	  1.80	11.31																										
EGEE 2	st046c01	B	2005-09-24T08:00:00z	  +4.484	 -2.883		1000.0	 1	 34.599	3.548	154.20	 0.00		33.201	  2.23	31.53																										
EGEE 2	st047c01	B	2005-09-24T15:30:00z	  +5.311	 -2.321		   1.0	11	 35.556	4.874	212.60	 0.02		0.000	  0.12	 0.81																										
EGEE 2	st047c01	B	2005-09-24T15:30:00z	  +5.311	 -2.321		  10.0	10	 35.559	4.871	212.40	 0.02		0.032	  0.25	 0.80																										
EGEE 2	st047c01	B	2005-09-24T15:30:00z	  +5.311	 -2.321		  20.0	 9	 35.563	4.860	212.00	 0.02		0.043	  0.14	 0.79																										
EGEE 2	st047c01	B	2005-09-24T15:30:00z	  +5.311	 -2.321		  40.0	 8	 35.648	4.728	206.20	 0.07		0.765	  0.21	 1.07																										
EGEE 2	st047c01	B	2005-09-24T15:30:00z	  +5.311	 -2.321		  60.0	 7	 35.769	3.382	147.30	 0.65		10.252	  0.82	 3.80																										
EGEE 2	st047c01	B	2005-09-24T15:30:00z	  +5.311	 -2.321		  80.0	 6	 35.752	2.857	124.40	 0.07		15.203	  1.03	 4.64																										
EGEE 2	st047c01	B	2005-09-24T15:30:00z	  +5.311	 -2.321		 100.0	 5	 35.659	2.930	127.50	 0.05		16.088	  1.09	 5.99																										
EGEE 2	st047c01	B	2005-09-24T15:30:00z	  +5.311	 -2.321		 130.0	 4	 35.622	2.583	112.40	 0.01		18.254	  1.21	 6.79																										
EGEE 2	st047c01	B	2005-09-24T15:30:00z	  +5.311	 -2.321		 160.0	 3	 35.580	2.615	113.80	 0.02		18.750	  1.23	 7.13																										
EGEE 2	st047c01	B	2005-09-24T15:30:00z	  +5.311	 -2.321		 300.0	 2	 35.115	1.603	 69.70	 0.01		29.265	  1.77	12.25																										
EGEE 2	st047c01	B	2005-09-24T15:30:00z	  +5.311	 -2.321		2002.0	 1	 34.953	5.568	242.00	 0.00		21.034	  1.35	24.96																										
EGEE 2	st048c01	B	2005-09-24T23:50:00z	  +6.150	 -1.768		   1.0	11	 35.383	4.622	201.70	 0.02		0.117	  0.03	 1.53																										
EGEE 2	st048c01	B	2005-09-24T23:50:00z	  +6.150	 -1.768		  10.0	10	 35.384	4.717	205.80	 0.00		0.224	  0.03	 1.34																										
EGEE 2	st048c01	B	2005-09-24T23:50:00z	  +6.150	 -1.768		  21.0	 9	 35.385	4.724	206.10	 0.01		0.284	  0.02	 1.26																										
EGEE 2	st048c01	B	2005-09-24T23:50:00z	  +6.150	 -1.768		  41.0	 8	 35.663	4.834	210.80	 0.01		0.388	  0.14	 1.28																										
EGEE 2	st048c01	B	2005-09-24T23:50:00z	  +6.150	 -1.768		  60.0	 7	 35.746	4.081	177.80	 0.22		7.155	  0.58	 3.64																										
EGEE 2	st048c01	B	2005-09-24T23:50:00z	  +6.150	 -1.768		  81.0	 6	 35.734	3.058	133.10	 0.07		15.231	  1.01	 5.78																										
EGEE 2	st048c01	B	2005-09-24T23:50:00z	  +6.150	 -1.768		 100.0	 5	 35.629	3.257	141.80	 0.03		15.757	  1.01	 6.21																										
EGEE 2	st048c01	B	2005-09-24T23:50:00z	  +6.150	 -1.768		 130.0	 4	 35.600	3.278	142.60	 0.03		16.175	  1.10	 6.49																										
EGEE 2	st048c01	B	2005-09-24T23:50:00z	  +6.150	 -1.768		 160.0	 3	 35.580	3.165	137.80	 0.02		17.035	  1.15	 6.69																										
EGEE 2	st048c01	B	2005-09-24T23:50:00z	  +6.150	 -1.768		 301.0	 2	 35.195	1.692	 73.60	 0.01		29.107	  1.74	11.87																										
EGEE 2	st048c01	B	2005-09-24T23:50:00z	  +6.150	 -1.768		1002.0	 1	 34.646	3.606	156.80	 0.00		34.300	  2.12	31.63																										
EGEE 2	st049c01	B	2005-09-25T07:30:00z	  +6.967	 -1.200		   0.0	11	 35.323	4.723	206.10	 0.01		0.037	  0.03	 1.08																										
EGEE 2	st049c01	B	2005-09-25T07:30:00z	  +6.967	 -1.200		  10.0	10	 35.324	4.723	206.10	 0.01		0.027	  0.04	 0.97																										
EGEE 2	st049c01	B	2005-09-25T07:30:00z	  +6.967	 -1.200		  20.0	 9	 35.324	4.726	206.20	 0.03		0.020	  0.03	 0.98																										
EGEE 2	st049c01	B	2005-09-25T07:30:00z	  +6.967	 -1.200		  40.0	 8	 35.466	4.717	205.80	 0.03		0.020	  0.04	 0.83																										
EGEE 2	st049c01	B	2005-09-25T07:30:00z	  +6.967	 -1.200		  60.0	 7	 35.837	3.965	172.70	 0.55		6.163	  0.57	 3.00																										
EGEE 2	st049c01	B	2005-09-25T07:30:00z	  +6.967	 -1.200		  80.0	 6	 35.824	3.398	147.90	 0.15		11.912	  0.88	 4.41																										
EGEE 2	st049c01	B	2005-09-25T07:30:00z	  +6.967	 -1.200		 100.0	 5	 35.783	3.464	150.80	 0.12		12.083	  0.89	 4.52																										
EGEE 2	st049c01	B	2005-09-25T07:30:00z	  +6.967	 -1.200		 130.0	 4	 35.675	3.252	141.50	 0.04		14.376	  1.01	 5.37																										
EGEE 2	st049c01	B	2005-09-25T07:30:00z	  +6.967	 -1.200		 160.0	 3	 35.629	3.302	143.70	 0.04		14.826	  1.04	 5.51																										
EGEE 2	st049c01	B	2005-09-25T07:30:00z	  +6.967	 -1.200		 300.0	 2	 35.145	1.574	 68.50	 0.01		28.786	  1.79	11.63																										
EGEE 2	st049c01	B	2005-09-25T07:30:00z	  +6.967	 -1.200		1000.0	 1	 34.669	3.680	160.00	 0.01		31.942	  2.14	30.24																										
EGEE 2	st050c01	B	2005-09-25T14:00:00z	  +7.798	 -0.651		   1.0	11	 35.927	4.687	204.50	 0.00		0.104	  0.02	 1.21																										
EGEE 2	st050c01	B	2005-09-25T14:00:00z	  +7.798	 -0.651		  10.0	10	 35.926	4.755	207.40	 0.02		0.048	  0.02	 1.19																										
EGEE 2	st050c01	B	2005-09-25T14:00:00z	  +7.798	 -0.651		  20.0	 9	 35.970	4.842	211.20	 0.03		0.020	  0.02	 1.10																										
EGEE 2	st050c01	B	2005-09-25T14:00:00z	  +7.798	 -0.651		  40.0	 8	 35.253	4.718	205.80	 0.08		0.468	  0.08	 0.87																										
EGEE 2	st050c01	B	2005-09-25T14:00:00z	  +7.798	 -0.651		  60.0	 7	 35.712	3.775	164.40	 0.56		8.372	  0.72	 3.49																										
EGEE 2	st050c01	B	2005-09-25T14:00:00z	  +7.798	 -0.651		  80.0	 6	 35.755	3.480	151.50	 0.79		10.809	  0.81	 4.05																										
EGEE 2	st050c01	B	2005-09-25T14:00:00z	  +7.798	 -0.651		 101.0	 5	 35.743	3.353	145.90	 0.15		13.065	  0.86	 4.61																										
EGEE 2	st050c01	B	2005-09-25T14:00:00z	  +7.798	 -0.651		 130.0	 4	 35.682	3.150	137.10	 0.06		14.370	  0.93	 5.14																										
EGEE 2	st050c01	B	2005-09-25T14:00:00z	  +7.798	 -0.651		 160.0	 3	 35.633	3.017	131.30	 0.05		16.127	  1.03	 6.13																										
EGEE 2	st050c01	B	2005-09-25T14:00:00z	  +7.798	 -0.651		 300.0	 2	 35.070	1.623	 70.60	 0.02		30.096	  1.76	12.78																										
EGEE 2	st050c01	B	2005-09-25T14:00:00z	  +7.798	 -0.651		1002.0	 1	 34.682	3.714	161.40	 0.03		31.827	  2.02	30.20																										
EGEE 2	st051c01	B	2005-09-25T23:00:00z	  +8.754	 +0.000		   0.2	11	 34.652	4.815	210.20	 0.03		0.059	  0.01	 2.16																										
EGEE 2	st051c01	B	2005-09-25T23:00:00z	  +8.754	 +0.000		  10.5	10	 34.656	4.755	207.60	 0.02		0.067	  0.02	 2.21																										
EGEE 2	st051c01	B	2005-09-25T23:00:00z	  +8.754	 +0.000		  20.3	 9	 34.679	4.787	209.00	 0.03		0.079	  0.04	 1.98																										
EGEE 2	st051c01	B	2005-09-25T23:00:00z	  +8.754	 +0.000		  40.6	 8	 34.905	4.721	206.10	 0.01		0.105	  0.02	 0.97																										
EGEE 2	st051c01	B	2005-09-25T23:00:00z	  +8.754	 +0.000		  60.4	 7	 35.086	4.426	193.10	 0.35		1.845	  0.20	 1.92																										
EGEE 2	st051c01	B	2005-09-25T23:00:00z	  +8.754	 +0.000		  80.5	 6	 35.779	3.464	150.80	 0.37		11.742	  0.88	 4.62																										
EGEE 2	st051c01	B	2005-09-25T23:00:00z	  +8.754	 +0.000		 100.6	 5	 35.777	3.534	153.80	 0.23		12.140	  0.88	 4.61																										
EGEE 2	st051c01	B	2005-09-25T23:00:00z	  +8.754	 +0.000		 130.5	 4	 35.731	3.420	148.90	 0.10		13.223	  0.94	 5.03																										
EGEE 2	st051c01	B	2005-09-25T23:00:00z	  +8.754	 +0.000		 160.8	 3	 35.685	3.202	139.40	 0.05		14.788	  1.03	 5.65																										
EGEE 2	st051c01	B	2005-09-25T23:00:00z	  +8.754	 +0.000		 300.3	 2	 35.126	1.540	 67.00	 0.03		29.844	  1.83	12.63																										
EGEE 2	st051c01	B	2005-09-25T23:00:00z	  +8.754	 +0.000		 551.8	 1	 34.614	2.503	108.90	 0.01		35.294	  2.27	23.70																										
EGEE 2	st052c01	B	2005-09-26T05:30:00z	  +8.001	 -0.001		  10.5	10	 34.892	4.712	205.70	 0.01		0.037	  0.01	 1.12																										
EGEE 2	st052c01	B	2005-09-26T05:30:00z	  +8.001	 -0.001		  20.3	 9	 34.913	4.693	204.90	 0.03		0.020	  0.00	 1.02																										
EGEE 2	st052c01	B	2005-09-26T05:30:00z	  +8.001	 -0.001		  40.6	 8	 35.056	4.702	205.20	 0.03		0.181	  0.02	 0.90																										
EGEE 2	st052c01	B	2005-09-26T05:30:00z	  +8.001	 -0.001		  60.4	 7	 35.735	3.726	162.30	 0.53		8.339	  0.67	 3.49																										
EGEE 2	st052c01	B	2005-09-26T05:30:00z	  +8.001	 -0.001		  80.5	 6	 35.756	3.642	158.60	 0.53		9.219	  0.73	 3.78																										
EGEE 2	st052c01	B	2005-09-26T05:30:00z	  +8.001	 -0.001		 100.6	 5	 35.697	3.323	144.70	 0.18		13.432	  0.95	 5.18																										
EGEE 2	st052c01	B	2005-09-26T05:30:00z	  +8.001	 -0.001		 130.5	 4	 35.687	3.325	144.70	 0.06		13.950	  0.97	 5.35																										
EGEE 2	st052c01	B	2005-09-26T05:30:00z	  +8.001	 -0.001		 160.8	 3	 35.682	3.328	144.80	 0.04		13.995	  0.97	 5.34																										
EGEE 2	st052c01	B	2005-09-26T05:30:00z	  +8.001	 -0.001		 300.3	 2	 35.180	1.525	 66.30	 0.01		28.737	  1.71	12.02																										
EGEE 2	st052c01	B	2005-09-26T05:30:00z	  +8.001	 -0.001		 551.8	 1	 34.683	3.694	160.60	 0.01		31.776	  2.09	30.55																										
EGEE 2	st053c01	B	2005-09-26T10:20:00z	  +7.502	 -0.002		   0.1	11	 34.975	4.715	205.80	 0.01		0.000	  0.01	 1.04																										
EGEE 2	st053c01	B	2005-09-26T10:20:00z	  +7.502	 -0.002		  10.0	10	 34.976	4.716	205.90	 0.01		0.000	  0.00	 0.75																										
EGEE 2	st053c01	B	2005-09-26T10:20:00z	  +7.502	 -0.002		  19.0	 9	 34.976	4.729	206.40	 0.01		0.000	  0.00	 0.64																										
EGEE 2	st053c01	B	2005-09-26T10:20:00z	  +7.502	 -0.002		  40.1	 8	 35.146	4.717	205.90	 0.02		0.067	  0.11	 0.60																										
EGEE 2	st053c01	B	2005-09-26T10:20:00z	  +7.502	 -0.002		  60.0	 7	 35.714	3.874	168.80	 0.45		7.153	  0.61	 3.05																										
EGEE 2	st053c01	B	2005-09-26T10:20:00z	  +7.502	 -0.002		  80.0	 6	 35.793	3.691	160.70	 0.62		9.066	  0.74	 3.58																										
EGEE 2	st053c01	B	2005-09-26T10:20:00z	  +7.502	 -0.002		 100.4	 5	 35.724	3.245	141.20	 0.11		13.675	  0.96	 4.77																										
EGEE 2	st053c01	B	2005-09-26T10:20:00z	  +7.502	 -0.002		 129.0	 4	 35.678	3.342	145.50	 0.05		14.075	  0.99	 5.43																										
EGEE 2	st053c01	B	2005-09-26T10:20:00z	  +7.502	 -0.002		 159.4	 3	 35.672	3.446	150.00	 0.05		13.879	  0.97	 5.28																										
EGEE 2	st053c01	B	2005-09-26T10:20:00z	  +7.502	 -0.002		 299.5	 2	 35.140	1.579	 68.70	 0.00		29.586	  1.81	12.55																										
EGEE 2	st053c01	B	2005-09-26T10:20:00z	  +7.502	 -0.002		1002.0	 1	 34.689	3.735	162.40	 0.03		31.710	  2.10	30.83																										
EGEE 2	st054c01	B	2005-09-26T15:00:00z	  +7.001	 -0.000		   0.0	11	 35.017	4.722	206.10	 0.01		0.056	  0.02	 1.07																										
EGEE 2	st054c01	B	2005-09-26T15:00:00z	  +7.001	 -0.000		  10.0	10	 35.019	4.727	206.30	 0.01		0.042	  0.02	 0.67																										
EGEE 2	st054c01	B	2005-09-26T15:00:00z	  +7.001	 -0.000		  20.0	 9	 35.048	4.708	205.50	 0.02		0.000	  0.03	 0.47																										
EGEE 2	st054c01	B	2005-09-26T15:00:00z	  +7.001	 -0.000		  40.0	 8	 35.213	4.665	203.60	 0.02		0.019	  0.07	 0.89																										
EGEE 2	st054c01	B	2005-09-26T15:00:00z	  +7.001	 -0.000		  60.0	 7	 35.610	4.113	179.30	 0.33		4.525	  0.44	 2.40																										
EGEE 2	st054c01	B	2005-09-26T15:00:00z	  +7.001	 -0.000		  80.0	 6	 35.776	3.531	153.70	 0.19		11.381	  0.84	 4.61																										
EGEE 2	st054c01	B	2005-09-26T15:00:00z	  +7.001	 -0.000		 100.0	 5	 35.770	3.371	146.80	 0.08		12.692	  0.91	 4.85																										
EGEE 2	st054c01	B	2005-09-26T15:00:00z	  +7.001	 -0.000		 130.0	 4	 35.703	3.293	143.40	 0.03		13.808	  0.98	 5.45																										
EGEE 2	st054c01	B	2005-09-26T15:00:00z	  +7.001	 -0.000		 160.0	 3	 35.654	3.303	143.80	 0.02		14.364	  1.00	 6.00																										
EGEE 2	st054c01	B	2005-09-26T15:00:00z	  +7.001	 -0.000		 297.0	 2	 35.123	1.498	 65.20	 0.00		29.654	  1.83	13.39																										
EGEE 2	st054c01	B	2005-09-26T15:00:00z	  +7.001	 -0.000		1005.0	 1	 34.669	3.673	159.70	 0.00		31.862	  2.13	32.24																										
EGEE 2	st055c01	B	2005-09-26T23:00:00z	  +6.000	 -0.001		   0.6	11	 35.521	4.743	206.90	 0.00		0.098	  0.04	 0.65																										
EGEE 2	st055c01	B	2005-09-26T23:00:00z	  +6.000	 -0.001		  10.0	10	 35.522	4.753	207.40	 0.00		0.093	  0.04	 0.61																										
EGEE 2	st055c01	B	2005-09-26T23:00:00z	  +6.000	 -0.001		  20.0	 9	 35.524	4.752	207.30	 0.00		0.083	  0.04	 0.66																										
EGEE 2	st055c01	B	2005-09-26T23:00:00z	  +6.000	 -0.001		  40.0	 8	 35.573	4.750	207.20	 0.00		0.112	  0.04	 0.62																										
EGEE 2	st055c01	B	2005-09-26T23:00:00z	  +6.000	 -0.001		  60.0	 7	 35.886	4.136	180.20	 0.48		5.380	  0.51	 2.81																										
EGEE 2	st055c01	B	2005-09-26T23:00:00z	  +6.000	 -0.001		  80.0	 6	 35.880	3.767	164.10	 0.85		7.296	  0.64	 3.16																										
EGEE 2	st055c01	B	2005-09-26T23:00:00z	  +6.000	 -0.001		 100.0	 5	 35.877	3.181	138.50	 0.59		11.593	  0.89	 4.24																										
EGEE 2	st055c01	B	2005-09-26T23:00:00z	  +6.000	 -0.001		 130.0	 4	 35.704	3.675	160.00	 0.05		12.345	  0.90	 5.17																										
EGEE 2	st055c01	B	2005-09-26T23:00:00z	  +6.000	 -0.001		 160.0	 3	 35.647	3.525	153.40	 0.04		13.653	  0.98	 5.79																										
EGEE 2	st055c01	B	2005-09-26T23:00:00z	  +6.000	 -0.001		 300.0	 2	 35.143	1.487	 64.70	 0.00		29.595	  1.84	13.15																										
EGEE 2	st055c01	B	2005-09-26T23:00:00z	  +6.000	 -0.001		1001.0	 1	 34.684	3.717	161.60	 0.00		31.599	  2.10	31.69																										
EGEE 2	st056c01	B	2005-09-27T03:15:00z	  +6.001	 +0.499		   0.0	11	 35.507	4.735	206.60	 0.01		0.081	  0.02	 0.46																										
EGEE 2	st056c01	B	2005-09-27T03:15:00z	  +6.001	 +0.499		  10.0	10	 35.509	4.725	206.10	 0.02		0.087	  0.02	 0.45																										
EGEE 2	st056c01	B	2005-09-27T03:15:00z	  +6.001	 +0.499		  20.0	 9	 35.509	4.757	207.50	 0.03		0.049	  0.01	 0.48																										
EGEE 2	st056c01	B	2005-09-27T03:15:00z	  +6.001	 +0.499		  40.0	 8	 35.508	4.735	206.60	 0.03		0.059	  0.02	 0.42																										
EGEE 2	st056c01	B	2005-09-27T03:15:00z	  +6.001	 +0.499		  61.0	 7	 35.718	4.331	188.80	 0.30		3.210	  0.31	 1.69																										
EGEE 2	st056c01	B	2005-09-27T03:15:00z	  +6.001	 +0.499		  80.0	 6	 35.941	3.753	163.50	 0.38		7.767	  0.63	 3.11																										
EGEE 2	st056c01	B	2005-09-27T03:15:00z	  +6.001	 +0.499		 100.0	 5	 35.880	3.363	146.40	 0.15		11.785	  0.86	 4.39																										
EGEE 2	st056c01	B	2005-09-27T03:15:00z	  +6.001	 +0.499		 129.0	 4	 35.716	3.566	155.20	 0.06		12.612	  0.91	 5.15																										
EGEE 2	st056c01	B	2005-09-27T03:15:00z	  +6.001	 +0.499		 159.0	 3	 35.588	3.424	149.00	 0.03		14.531	  1.01	 5.86																										
EGEE 2	st056c01	B	2005-09-27T03:15:00z	  +6.001	 +0.499		 300.0	 2	 35.099	1.548	 67.30	 0.02		29.940	  1.86	13.49																										
EGEE 2	st056c01	B	2005-09-27T03:15:00z	  +6.001	 +0.499		1003.0	 1	 34.682	3.706	161.10	 0.01		31.522	  2.08	31.45																										
EGEE 2	st057c01	B	2005-09-27T07:35:00z	  +6.000	 +0.999		   1.0	11	 35.451	4.736	206.70	 0.03		0.088	  0.08	 0.47																										
EGEE 2	st057c01	B	2005-09-27T07:35:00z	  +6.000	 +0.999		  10.0	10	 35.451	4.726	206.20	 0.01		0.086	  0.02	 0.39																										
EGEE 2	st057c01	B	2005-09-27T07:35:00z	  +6.000	 +0.999		  19.0	 9	 35.451	4.750	207.30	 0.00		0.123	  0.02	 0.37																										
EGEE 2	st057c01	B	2005-09-27T07:35:00z	  +6.000	 +0.999		  40.0	 8	 35.454	4.761	207.70	 0.01		0.125	  0.02	 0.35																										
EGEE 2	st057c01	B	2005-09-27T07:35:00z	  +6.000	 +0.999		  60.0	 7	 35.554	4.594	200.40	 0.08		0.976	  0.11	 0.85																										
EGEE 2	st057c01	B	2005-09-27T07:35:00z	  +6.000	 +0.999		  80.0	 6	 35.891	3.842	167.40	 0.37		7.266	  0.59	 3.07																										
EGEE 2	st057c01	B	2005-09-27T07:35:00z	  +6.000	 +0.999		 100.0	 5	 35.791	3.224	140.40	 0.30		12.708	  0.92	 4.93																										
EGEE 2	st057c01	B	2005-09-27T07:35:00z	  +6.000	 +0.999		 130.0	 4	 35.606	3.405	148.20	 0.03		14.306	  1.00	 5.78																										
EGEE 2	st057c01	B	2005-09-27T07:35:00z	  +6.000	 +0.999		 160.0	 3	 35.565	3.231	140.60	 0.02		15.732	  1.08	 6.35																										
EGEE 2	st057c01	B	2005-09-27T07:35:00z	  +6.000	 +0.999		 300.0	 2	 35.111	1.623	 70.60	 0.00		29.232	  1.82	12.98																										
EGEE 2	st057c01	B	2005-09-27T07:35:00z	  +6.000	 +0.999		1000.0	 1	 34.677	3.730	162.20	 0.00		31.832	  2.11	31.93																										
EGEE 2	st058c01	B	2005-09-27T12:00:00z	  +5.997	 +1.504		   0.0	11	 35.296	4.706	205.40	 0.00		0.073	  0.03	 0.56																										
EGEE 2	st058c01	B	2005-09-27T12:00:00z	  +5.997	 +1.504		   9.0	10	 35.292	4.765	208.00	 0.00		0.063	  0.04	 0.64																										
EGEE 2	st058c01	B	2005-09-27T12:00:00z	  +5.997	 +1.504		  20.0	 9	 35.304	4.635	202.30	 0.01		0.056	  0.03	 0.56																										
EGEE 2	st058c01	B	2005-09-27T12:00:00z	  +5.997	 +1.504		  40.0	 8	 35.435	4.777	208.50	 0.00		0.093	  0.03	 0.36																										
EGEE 2	st058c01	B	2005-09-27T12:00:00z	  +5.997	 +1.504		  60.0	 7	 35.565	4.532	197.70	 0.10		1.819	  0.20	 1.22																										
EGEE 2	st058c01	B	2005-09-27T12:00:00z	  +5.997	 +1.504		  80.0	 6	 35.822	3.929	171.10	 0.33		7.124	  0.59	 3.23																										
EGEE 2	st058c01	B	2005-09-27T12:00:00z	  +5.997	 +1.504		 100.0	 5	 35.715	3.269	142.30	 0.21		13.672	  0.97	 5.22																										
EGEE 2	st058c01	B	2005-09-27T12:00:00z	  +5.997	 +1.504		 130.0	 4	 35.592	3.356	146.10	 0.01		14.978	  1.03	 6.01																										
EGEE 2	st058c01	B	2005-09-27T12:00:00z	  +5.997	 +1.504		 161.0	 3	 35.551	3.005	130.80	 0.01		16.541	  1.12	 6.67																										
EGEE 2	st058c01	B	2005-09-27T12:00:00z	  +5.997	 +1.504		 298.0	 2	 35.106	1.606	 69.90	 0.01		29.646	  1.83	13.41																										
EGEE 2	st058c01	B	2005-09-27T12:00:00z	  +5.997	 +1.504		1001.5	 1	 34.656	3.601	156.50	 0.00		32.537	  2.16	32.82																										
EGEE 2	st059c01	B	2005-09-27T16:00:00z	  +5.998	 +2.001		   0.0	11	 35.252	4.695	204.90	 0.00		0.107	  0.02	 0.67																										
EGEE 2	st059c01	B	2005-09-27T16:00:00z	  +5.998	 +2.001		  10.0	10	 35.251	4.736	206.70	 0.01		0.046	  0.02	 0.73																										
EGEE 2	st059c01	B	2005-09-27T16:00:00z	  +5.998	 +2.001		  20.0	 9	 35.258	4.713	205.70	 0.01		0.115	  0.03	 0.71																										
EGEE 2	st059c01	B	2005-09-27T16:00:00z	  +5.998	 +2.001		  40.0	 8	 35.425	4.723	206.10	 0.00		0.114	  0.03	 0.54																										
EGEE 2	st059c01	B	2005-09-27T16:00:00z	  +5.998	 +2.001		  60.0	 7	 35.462	4.767	208.00	 0.01		0.174	  0.06	 0.63																										
EGEE 2	st059c01	B	2005-09-27T16:00:00z	  +5.998	 +2.001		  80.0	 6	 35.824	3.941	171.70	 0.33		7.075	  0.62	 3.10																										
EGEE 2	st059c01	B	2005-09-27T16:00:00z	  +5.998	 +2.001		 100.0	 5	 35.745	3.402	148.10	 0.13		12.701	  0.91	 4.60																										
EGEE 2	st059c01	B	2005-09-27T16:00:00z	  +5.998	 +2.001		 130.0	 4	 35.609	3.175	138.20	 0.03		15.137	  1.06	 5.87																										
EGEE 2	st059c01	B	2005-09-27T16:00:00z	  +5.998	 +2.001		 160.0	 3	 35.589	3.175	138.20	 0.03		15.704	  1.09	 6.04																										
EGEE 2	st059c01	B	2005-09-27T16:00:00z	  +5.998	 +2.001		 300.0	 2	 35.152	1.673	 72.80	 0.01		28.678	  1.81	11.95																										
EGEE 2	st059c01	B	2005-09-27T16:00:00z	  +5.998	 +2.001		 998.0	 1	 34.658	3.584	155.80	 0.00		32.410	  2.15	30.26																										
EGEE 2	st060c01	B	2005-09-27T20:00:00z	  +6.001	 +2.502		   0.0	11	 35.271	4.707	205.40	 0.00		0.068	  0.03	 1.06																										
EGEE 2	st060c01	B	2005-09-27T20:00:00z	  +6.001	 +2.502		  10.0	10	 35.292	4.706	205.40	 0.00		0.029	  0.04	 1.01																										
EGEE 2	st060c01	B	2005-09-27T20:00:00z	  +6.001	 +2.502		  20.0	 9	 35.383	4.723	206.10	 0.01		0.017	  0.03	 0.86																										
EGEE 2	st060c01	B	2005-09-27T20:00:00z	  +6.001	 +2.502		  40.0	 8	 35.444	4.703	205.20	 0.00		0.107	  0.03	 0.80																										
EGEE 2	st060c01	B	2005-09-27T20:00:00z	  +6.001	 +2.502		  60.0	 7	 35.467	4.602	200.80	 0.05		0.677	  0.09	 0.90																										
EGEE 2	st060c01	B	2005-09-27T20:00:00z	  +6.001	 +2.502		  80.0	 6	 35.739	3.351	145.90	 0.53		11.347	  0.87	 4.27																										
EGEE 2	st060c01	B	2005-09-27T20:00:00z	  +6.001	 +2.502		 100.0	 5	 35.693	3.214	139.90	 0.03		13.896	  0.98	 5.10																										
EGEE 2	st060c01	B	2005-09-27T20:00:00z	  +6.001	 +2.502		 130.0	 4	 35.635	3.218	140.10	 0.02		14.960	  1.04	 5.97																										
EGEE 2	st060c01	B	2005-09-27T20:00:00z	  +6.001	 +2.502		 160.0	 3	 35.579	3.111	135.40	 0.01		16.009	  1.09	 6.27																										
EGEE 2	st060c01	B	2005-09-27T20:00:00z	  +6.001	 +2.502		 300.0	 2	 35.136	1.864	 81.10	 0.00		27.948	  1.75	11.85																										
EGEE 2	st060c01	B	2005-09-27T20:00:00z	  +6.001	 +2.502		1004.0	 1	 34.659	3.604	156.70	 0.00		32.452	  2.17	30.94																										
EGEE 2	st061c01	B	2005-09-28T01:30:00z	  +6.000	 +3.001		   1.0	11	 35.286	4.679	204.20	 0.03		0.079	  0.03	 1.00																										
EGEE 2	st061c01	B	2005-09-28T01:30:00z	  +6.000	 +3.001		  10.0	10	 35.296	4.685	204.50	 0.02		0.087	  0.04	 1.19																										
EGEE 2	st061c01	B	2005-09-28T01:30:00z	  +6.000	 +3.001		  20.0	 9	 35.312	4.684	204.40	 0.03		0.108	  0.03	 1.12																										
EGEE 2	st061c01	B	2005-09-28T01:30:00z	  +6.000	 +3.001		  40.0	 8	 35.313	4.694	204.80	 0.02		0.087	  0.04	 1.07																										
EGEE 2	st061c01	B	2005-09-28T01:30:00z	  +6.000	 +3.001		  60.0	 7	 35.558	4.204	183.30	 0.13		3.222	  0.27	 2.00																										
EGEE 2	st061c01	B	2005-09-28T01:30:00z	  +6.000	 +3.001		  80.0	 6	 35.926	3.153	137.30	 0.11		12.004	  0.86	 4.69																										
EGEE 2	st061c01	B	2005-09-28T01:30:00z	  +6.000	 +3.001		 100.0	 5	 35.841	3.013	131.20	 0.07		13.737	  0.97	 5.10																										
EGEE 2	st061c01	B	2005-09-28T01:30:00z	  +6.000	 +3.001		 130.0	 4	 35.648	2.544	110.80	 0.03		18.108	  1.21	 6.14																										
EGEE 2	st061c01	B	2005-09-28T01:30:00z	  +6.000	 +3.001		 160.0	 3	 35.584	3.030	131.90	 0.03		16.407	  1.13	 6.62																										
EGEE 2	st061c01	B	2005-09-28T01:30:00z	  +6.000	 +3.001		 300.0	 2	 35.177	1.713	 74.60	 0.03		27.928	  1.75	11.08																										
EGEE 2	st061c01	B	2005-09-28T01:30:00z	  +6.000	 +3.001		1003.0	 1	 34.660	3.579	155.60	 0.02		32.383	  2.18	30.36																										
