//ODV Spreadsheet file : /home/proussel/Documents/OUTILS/CTD/chimie/conversion/EGEE4_CHIMIE_odv.txt
//Data treated : 2020-09-24T16:05:57
//<InstrumentType>Chemical bottle analysis</InstrumentType>
//<Source>/home/proussel/Documents/OUTILS/CTD/chimie/conversion/EGEE4_CHIMIE.xlsx</Sources>
//<DataType>Bottles</DataType>
//<Creator>Pierre.Rousselot@ird.fr</Creator>
//
Cruise	Station	Type	yyyy-mm-ddThh:mm:ss	Longitude [degrees_east]	Latitude [degrees_north]	Bot. Depth [m]	DEPTH [m]	Bottle nb	PSAL [Psu]	DOX1 [ml/l]	DOX2 [micromole/kg]	NTIW [micromole/kg]	NTAW+NTIW [micromole/kg]	NTAW [micromole/kg]	PHOW [micromole/kg]	SLCW [micromole/kg]	CHC3 [microgramme/l]	CHCZ [microgramme/l]	PERP [microgramme/l]	BFUP [microgramme/l]	FUCP [microgramme/l]	NEXW [microgramme/l]	PXAP [microgramme/l]	VIOW [microgramme/l]	HFUP [microgramme/l]	DXAP [microgramme/l]	AXAP [microgramme/l]	TXAP [microgramme/l]	ZXAP [microgramme/l]	LUTW [microgramme/l]	CHBD [microgramme/l]	CH2P [microgramme/l]	CHLB [microgramme/l]	AACP [microgramme/l]	BBCP [microgramme/l]	PHEP [microgramme/l]	CHAD [microgramme/l]	CH1P [microgramme/l]	CPHL [microgramme/l]	PHEA [microgramme/l]	CXAP [microgramme/l]
EGEE 4	st001c01	B	2006-11-18T17:00:00z	 -14.382	 +7.467		   0.0	11	 33.496	4.552	198.20	 0.04		0.053	  0.00	 1.36																										
EGEE 4	st001c01	B	2006-11-18T17:00:00z	 -14.382	 +7.467		1015.0	10	 34.757	3.182	138.40	 0.04		32.943	  2.16	26.37																										
EGEE 4	st001c01	B	2006-11-18T17:00:00z	 -14.382	 +7.467		1015.0	 9	 34.759	3.184	138.50	 0.04		33.016	  2.18	27.43																										
EGEE 4	st001c01	B	2006-11-18T17:00:00z	 -14.382	 +7.467		1015.0	 8	 34.763	3.177	138.20	 0.05		32.788	  2.18	27.53																										
EGEE 4	st001c01	B	2006-11-18T17:00:00z	 -14.382	 +7.467		1014.0	 7	 34.763	3.178	138.20	 0.04		32.952	  2.18	27.16																										
EGEE 4	st001c01	B	2006-11-18T17:00:00z	 -14.382	 +7.467		1014.0	 6	 34.760	3.179	138.20	 0.04		32.943	  2.16	27.10																										
EGEE 4	st001c01	B	2006-11-18T17:00:00z	 -14.382	 +7.467		1014.0	 5	 34.762	3.184	138.40	 0.03		32.892	  2.18	27.43																										
EGEE 4	st001c01	B	2006-11-18T17:00:00z	 -14.382	 +7.467		1014.0	 4	 34.760	3.184	138.50	 0.04		32.906	  2.17	27.07																										
EGEE 4	st001c01	B	2006-11-18T17:00:00z	 -14.382	 +7.467		1014.0	 3	 34.759	3.191	138.80	 0.05		32.898	  2.17	27.01																										
EGEE 4	st001c01	B	2006-11-18T17:00:00z	 -14.382	 +7.467		1014.0	 2	 34.759	3.182	138.40	 0.04		32.818	  2.18	27.74																										
EGEE 4	st001c01	B	2006-11-18T17:00:00z	 -14.382	 +7.467		1014.0	 1	 34.757	3.192	138.80	 0.03		32.898	  2.18	27.83																										
EGEE 4	st002c01	B	2006-11-20T15:30:00z	 -10.003	 +1.502		   0.0	11	 35.634	4.648	202.90	 0.02		0.134	  0.04	 1.41																										
EGEE 4	st002c01	B	2006-11-20T15:30:00z	 -10.003	 +1.502		  10.0	10	 35.634	4.668	203.70	 0.02		0.090	  0.04	 0.86																										
EGEE 4	st002c01	B	2006-11-20T15:30:00z	 -10.003	 +1.502		  20.0	 9	 35.636			 0.02		0.109	  0.03	 0.99																										
EGEE 4	st002c01	B	2006-11-20T15:30:00z	 -10.003	 +1.502		  40.0	 8	 35.646	4.643	202.60	 0.02		0.207	  0.04	 0.93																										
EGEE 4	st002c01	B	2006-11-20T15:30:00z	 -10.003	 +1.502		  60.0	 7	 35.763	3.692	160.90	 0.24		6.477	  0.52	 2.60																										
EGEE 4	st002c01	B	2006-11-20T15:30:00z	 -10.003	 +1.502		  80.0	 6	 35.685	2.638	114.80	 0.11		17.412	  1.17	 5.60																										
EGEE 4	st002c01	B	2006-11-20T15:30:00z	 -10.003	 +1.502		  99.7	 5	 35.549	2.585	112.30	 0.04		19.079	  1.27	 6.84																										
EGEE 4	st002c01	B	2006-11-20T15:30:00z	 -10.003	 +1.502		 300.0	 4	 35.073	1.776	 77.30	 0.03		29.414	  1.82	10.95																										
EGEE 4	st002c01	B	2006-11-20T15:30:00z	 -10.003	 +1.502		 601.0	 3	 34.562	3.033	131.90	 0.02		34.198	  2.20	23.85																										
EGEE 4	st002c01	B	2006-11-20T15:30:00z	 -10.003	 +1.502		1008.0	 2	 34.653	3.565	155.00	 0.03		32.787	  2.17	31.27																										
EGEE 4	st002c01	B	2006-11-20T15:30:00z	 -10.003	 +1.502		1008.0	 1	 34.655	3.570	155.20	 0.03		32.636	  2.18	31.66																										
EGEE 4	st003c01	B	2006-11-20T20:30:00z	 -10.005	 +1.001		   0.7	11	 35.557	4.644	202.70	 0.02		0.110	  0.02	 3.20																										
EGEE 4	st003c01	B	2006-11-20T20:30:00z	 -10.005	 +1.001		   9.1	10	 35.557	4.649	202.90	 0.03		0.148	  0.04	 1.19																										
EGEE 4	st003c01	B	2006-11-20T20:30:00z	 -10.005	 +1.001		  19.3	 9	 35.562	4.674	204.00	 0.04		0.129	  0.02	 1.42																										
EGEE 4	st003c01	B	2006-11-20T20:30:00z	 -10.005	 +1.001		  39.0	 8	 35.586	4.652	203.00	 0.02		0.144	  0.04	 2.70																										
EGEE 4	st003c01	B	2006-11-20T20:30:00z	 -10.005	 +1.001		  59.0	 7	 35.886	3.699	161.20	 0.29		7.004	  0.57	 2.51																										
EGEE 4	st003c01	B	2006-11-20T20:30:00z	 -10.005	 +1.001		  78.6	 6	 35.637	3.056	133.10	 0.11		14.947	  1.03	 4.12																										
EGEE 4	st003c01	B	2006-11-20T20:30:00z	 -10.005	 +1.001		  97.7	 5	 35.133	3.403	148.20	 0.11		14.488	  1.02	 7.52																										
EGEE 4	st003c01	B	2006-11-20T20:30:00z	 -10.005	 +1.001		 299.0	 4	 34.550	1.785	 77.70	 0.03		28.209	  1.82	11.42																										
EGEE 4	st003c01	B	2006-11-20T20:30:00z	 -10.005	 +1.001		 600.0	 3	 34.550	3.045	132.40	 0.04		34.253	  2.24	23.46																										
EGEE 4	st003c01	B	2006-11-20T20:30:00z	 -10.005	 +1.001		 600.0	 2	 34.548	3.081	134.00	 0.04		34.301	  2.23	24.49																										
EGEE 4	st003c01	B	2006-11-20T20:30:00z	 -10.005	 +1.001		1002.0	 1	 34.651	3.582	155.70	 0.04		32.730	  2.20	30.22																										
EGEE 4	st004c01	B	2006-11-21T02:30:00z	 -10.001	 +0.500		   0.0	11	 35.520			 0.02		0.088	  0.02	 1.10																										
EGEE 4	st004c01	B	2006-11-21T02:30:00z	 -10.001	 +0.500		   9.0	10	 35.522			 0.03		0.090	  0.03	 0.99																										
EGEE 4	st004c01	B	2006-11-21T02:30:00z	 -10.001	 +0.500		  20.0	 9	 35.559			 0.02		0.184	  0.04	 0.99																										
EGEE 4	st004c01	B	2006-11-21T02:30:00z	 -10.001	 +0.500		  39.0	 8	 35.801			 0.07		1.745	  0.20	 1.63																										
EGEE 4	st004c01	B	2006-11-21T02:30:00z	 -10.001	 +0.500		  59.0	 7	 36.012			 0.25		6.432	  0.51	 3.00																										
EGEE 4	st004c01	B	2006-11-21T02:30:00z	 -10.001	 +0.500		  80.0	 6	 35.950	3.890	169.40	 0.09		9.485	  0.71	 4.13																										
EGEE 4	st004c01	B	2006-11-21T02:30:00z	 -10.001	 +0.500		  99.0	 5	 35.762	3.863	168.20	 0.05		11.085	  0.82	 4.80																										
EGEE 4	st004c01	B	2006-11-21T02:30:00z	 -10.001	 +0.500		 300.0	 4	 35.078	1.778	 77.40	 0.02		29.318	  1.81	12.72																										
EGEE 4	st004c01	B	2006-11-21T02:30:00z	 -10.001	 +0.500		 300.0	 3	 35.078	1.799	 78.30	 0.03		29.254	  1.82	12.72																										
EGEE 4	st004c01	B	2006-11-21T02:30:00z	 -10.001	 +0.500		 600.0	 2	 34.553			 0.03		34.543	  2.24	24.75																										
EGEE 4	st004c01	B	2006-11-21T02:30:00z	 -10.001	 +0.500		1002.0	 1	 34.631			 0.03		33.078	  2.20	31.46																										
EGEE 4	st005c01	B	2006-11-21T07:30:00z	  -9.999	 -0.000		   0.0	11	 35.621			 0.04		0.134	  0.19	 1.08																										
EGEE 4	st005c01	B	2006-11-21T07:30:00z	  -9.999	 -0.000		   9.0	10	 35.632	4.735	206.60	 0.02		0.182	  0.06	 0.98																										
EGEE 4	st005c01	B	2006-11-21T07:30:00z	  -9.999	 -0.000		  19.0	 9	 35.632	4.693	204.80	 0.04		0.241	  0.11	 1.07																										
EGEE 4	st005c01	B	2006-11-21T07:30:00z	  -9.999	 -0.000		  39.0	 8	 35.974	4.416	192.50	 0.18		2.127	  0.26	 1.83																										
EGEE 4	st005c01	B	2006-11-21T07:30:00z	  -9.999	 -0.000		  59.5	 7	 36.343	4.158	181.20	 0.34		4.197	  0.43	 2.36																										
EGEE 4	st005c01	B	2006-11-21T07:30:00z	  -9.999	 -0.000		  78.3	 6	 35.995	4.005	174.40	 0.08		8.371	  0.69	 3.61																										
EGEE 4	st005c01	B	2006-11-21T07:30:00z	  -9.999	 -0.000		 100.0	 5	 35.644	3.822	166.40	 0.04		12.276	  0.89	 5.46																										
EGEE 4	st005c01	B	2006-11-21T07:30:00z	  -9.999	 -0.000		 499.0	 4	 34.709	2.646	115.10	 0.03		32.533	  2.05	18.99																										
EGEE 4	st005c01	B	2006-11-21T07:30:00z	  -9.999	 -0.000		1000.0	 3	 34.639	3.585	155.90	 0.01		32.932	  2.18	32.05																										
EGEE 4	st005c01	B	2006-11-21T07:30:00z	  -9.999	 -0.000		1500.0	 2	 34.940	5.049	219.50	 0.02		23.085	  1.51	20.38																										
EGEE 4	st005c01	B	2006-11-21T07:30:00z	  -9.999	 -0.000		2003.0	 1	 34.965	5.691	247.30	 0.01		20.323	  1.33	22.42																										
EGEE 4	st006c01	B	2006-11-21T15:00:00z	  -9.975	 -0.501		   0.0	11	 35.711	4.775	208.40	 0.01		0.156	  0.08	 1.05																										
EGEE 4	st006c01	B	2006-11-21T15:00:00z	  -9.975	 -0.501		  10.0	10	 35.720	4.918	214.60	 0.03		0.209	  0.09	 1.03																										
EGEE 4	st006c01	B	2006-11-21T15:00:00z	  -9.975	 -0.501		  19.0	 9	 35.743	4.791	209.00	 0.03		0.384	  0.10	 1.05																										
EGEE 4	st006c01	B	2006-11-21T15:00:00z	  -9.975	 -0.501		  39.0	 8	 35.939	4.463	194.60	 0.12		1.634	  0.21	 1.36																										
EGEE 4	st006c01	B	2006-11-21T15:00:00z	  -9.975	 -0.501		  58.0	 7	 36.194	3.818	166.40	 0.61		4.905	  0.49	 2.07																										
EGEE 4	st006c01	B	2006-11-21T15:00:00z	  -9.975	 -0.501		  68.0	 6	 36.192	3.644	158.70	 0.24		7.889	  0.66	 2.86																										
EGEE 4	st006c01	B	2006-11-21T15:00:00z	  -9.975	 -0.501		 100.0	 5	 35.697	3.614	157.30	 0.05		12.820	  0.92	 4.99																										
EGEE 4	st006c01	B	2006-11-21T15:00:00z	  -9.975	 -0.501		 100.0	 4	 35.701	3.664	159.50	 0.04		12.789	  0.92	 4.93																										
EGEE 4	st006c01	B	2006-11-21T15:00:00z	  -9.975	 -0.501		 300.0	 3	 34.995	1.685	 73.30	 0.01		31.512	  1.91	13.74																										
EGEE 4	st006c01	B	2006-11-21T15:00:00z	  -9.975	 -0.501		 599.0	 2	 34.537	3.304	143.70	 0.02		33.296	  2.12	23.19																										
EGEE 4	st006c01	B	2006-11-21T15:00:00z	  -9.975	 -0.501		1001.7	 1	 34.627	3.593	156.20	 0.01		33.221	  2.19	31.96																										
EGEE 4	st007c01	B	2006-11-21T20:00:00z	 -10.002	 -1.000		   0.3	11	 35.738			 0.01		0.079	  0.08	 0.80																										
EGEE 4	st007c01	B	2006-11-21T20:00:00z	 -10.002	 -1.000		   9.0	10	 35.743	4.771	208.10	 0.01		0.105	  0.07	 0.83																										
EGEE 4	st007c01	B	2006-11-21T20:00:00z	 -10.002	 -1.000		  19.3	 9	 35.815	4.733	206.40	 0.03		0.310	  0.10	 1.03																										
EGEE 4	st007c01	B	2006-11-21T20:00:00z	 -10.002	 -1.000		  38.8	 8	 36.080	4.497	196.10	 0.13		1.457	  0.21	 1.32																										
EGEE 4	st007c01	B	2006-11-21T20:00:00z	 -10.002	 -1.000		  60.0	 7	 36.042	3.244	141.30	 0.55		9.851	  0.76	 3.38																										
EGEE 4	st007c01	B	2006-11-21T20:00:00z	 -10.002	 -1.000		  77.6	 6	 35.873	3.199	139.30	 0.09		13.099	  0.93	 4.51																										
EGEE 4	st007c01	B	2006-11-21T20:00:00z	 -10.002	 -1.000		  77.6	 5	 35.873	3.187	138.70	 0.10		13.090	  0.93	 4.59																										
EGEE 4	st007c01	B	2006-11-21T20:00:00z	 -10.002	 -1.000		  99.0	 4	 35.871	3.202	139.30	 0.04		15.779	  1.07	 6.04																										
EGEE 4	st007c01	B	2006-11-21T20:00:00z	 -10.002	 -1.000		 299.0	 3	 35.088	1.726	 75.10	 0.01		29.621	  1.81	12.66																										
EGEE 4	st007c01	B	2006-11-21T20:00:00z	 -10.002	 -1.000		 599.0	 2	 34.548	3.208	139.50	 0.01		33.498	  2.13	23.81																										
EGEE 4	st007c01	B	2006-11-21T20:00:00z	 -10.002	 -1.000		1001.0	 1	 34.597	3.569	155.20	 0.01		33.772	  2.21	33.24																										
EGEE 4	st008c01	B	2006-11-22T01:00:00z	 -10.000	 -1.514		   1.0	11	 35.757	4.757	207.50	 0.02		33.637	  2.21	32.98																										
EGEE 4	st008c01	B	2006-11-22T01:00:00z	 -10.000	 -1.514		  10.0	10	 35.756	4.794	209.20	 0.03		33.822	  2.15	24.13																										
EGEE 4	st008c01	B	2006-11-22T01:00:00z	 -10.000	 -1.514		  20.0	 9	 35.767	4.754	207.40	 0.01		30.291	  1.86	12.98																										
EGEE 4	st008c01	B	2006-11-22T01:00:00z	 -10.000	 -1.514		  40.0	 8	 35.978	4.517	196.90	 0.02		17.647	  1.20	 7.07																										
EGEE 4	st008c01	B	2006-11-22T01:00:00z	 -10.000	 -1.514		  60.3	 7	 35.787	2.769	120.60	 0.06		20.086	  1.31	 6.76																										
EGEE 4	st008c01	B	2006-11-22T01:00:00z	 -10.000	 -1.514		  60.8	 6	 35.782	2.755	120.00	 0.65		14.733	  1.06	 4.83																										
EGEE 4	st008c01	B	2006-11-22T01:00:00z	 -10.000	 -1.514		  79.0	 5	 35.584	2.336	101.70	 0.71		14.525	  1.04	 4.77																										
EGEE 4	st008c01	B	2006-11-22T01:00:00z	 -10.000	 -1.514		  99.0	 4	 35.470	3.137	136.50	 0.15		1.603	  0.21	 1.39																										
EGEE 4	st008c01	B	2006-11-22T01:00:00z	 -10.000	 -1.514		 299.0	 3	 35.110	1.570	 68.30	 0.03		0.102	  0.06	 0.75																										
EGEE 4	st008c01	B	2006-11-22T01:00:00z	 -10.000	 -1.514		 599.0	 2	 34.548	3.183	138.40	 0.02		0.106	  0.06	 0.69																										
EGEE 4	st008c01	B	2006-11-22T01:00:00z	 -10.000	 -1.514		1010.0	 1	 34.611	3.608	156.90	 0.00		0.127	  0.06	 0.56																										
EGEE 4	st009c01	B	2006-11-22T06:00:00z	 -10.002	 -2.003		   0.8	11	 34.748	4.727	206.40	 0.00		0.107	  0.05	 1.32																										
EGEE 4	st009c01	B	2006-11-22T06:00:00z	 -10.002	 -2.003		   8.0	10	 35.746	4.716	205.70	 0.01		0.102	  0.05	 1.28																										
EGEE 4	st009c01	B	2006-11-22T06:00:00z	 -10.002	 -2.003		  20.6	 9	 35.755	4.709	205.40	 0.02		0.080	  0.05	 1.23																										
EGEE 4	st009c01	B	2006-11-22T06:00:00z	 -10.002	 -2.003		  40.0	 8	 35.841	3.599	156.80	 0.41		8.871	  0.70	 3.64																										
EGEE 4	st009c01	B	2006-11-22T06:00:00z	 -10.002	 -2.003		  40.0	 7	 35.745	3.028	131.80	 0.48		13.347	  0.96	 4.76																										
EGEE 4	st009c01	B	2006-11-22T06:00:00z	 -10.002	 -2.003		  60.0	 6	 35.482	2.944	128.10	 0.03		18.125	  1.21	 7.13																										
EGEE 4	st009c01	B	2006-11-22T06:00:00z	 -10.002	 -2.003		  79.0	 5	 35.466	3.236	140.80	 0.02		16.742	  1.15	 7.03																										
EGEE 4	st009c01	B	2006-11-22T06:00:00z	 -10.002	 -2.003		 100.0	 4	 35.400	2.869	124.90	 0.01		19.399	  1.28	 7.87																										
EGEE 4	st009c01	B	2006-11-22T06:00:00z	 -10.002	 -2.003		 300.0	 3	 35.162	1.501	 65.30	 0.00		29.268	  1.81	12.33																										
EGEE 4	st009c01	B	2006-11-22T06:00:00z	 -10.002	 -2.003		 600.8	 2	 34.544	3.182	138.40	 0.00		33.581	  2.18	23.99																										
EGEE 4	st009c01	B	2006-11-22T06:00:00z	 -10.002	 -2.003		1001.0	 1	 34.579	3.599	156.50	 0.01		33.481	  2.23	33.06																										
EGEE 4	st010c01	B	2006-11-22T10:30:00z	  -9.999	 -2.507		   1.1	11	 35.794	4.712	205.60	 0.00		0.097	  0.04	 0.95																										
EGEE 4	st010c01	B	2006-11-22T10:30:00z	  -9.999	 -2.507		  10.0	10	 35.794	4.705	205.30	 0.00		0.078	  0.04	 0.96																										
EGEE 4	st010c01	B	2006-11-22T10:30:00z	  -9.999	 -2.507		  20.0	 9	 35.795	4.717	205.80	 0.00		0.085	  0.05	 0.98																										
EGEE 4	st010c01	B	2006-11-22T10:30:00z	  -9.999	 -2.507		  20.0	 8	 35.795	4.704	205.20	 0.00		0.115	  0.05	 0.95																										
EGEE 4	st010c01	B	2006-11-22T10:30:00z	  -9.999	 -2.507		  40.0	 7	 35.827	3.840	167.30	 0.21		7.749	  0.61	 3.13																										
EGEE 4	st010c01	B	2006-11-22T10:30:00z	  -9.999	 -2.507		  60.0	 6	 35.588	2.331	101.50	 0.05		19.547	  1.30	 6.55																										
EGEE 4	st010c01	B	2006-11-22T10:30:00z	  -9.999	 -2.507		  76.0	 5	 35.468	2.754	119.90	 0.01		19.213	  1.29	 7.32																										
EGEE 4	st010c01	B	2006-11-22T10:30:00z	  -9.999	 -2.507		 100.0	 4	 35.447	3.172	138.00	 0.01		17.139	  1.15	 6.82																										
EGEE 4	st010c01	B	2006-11-22T10:30:00z	  -9.999	 -2.507		 300.0	 3	 35.163	1.472	 64.00	 0.00		29.286	  1.82	12.18																										
EGEE 4	st010c01	B	2006-11-22T10:30:00z	  -9.999	 -2.507		 598.0	 2	 34.538	3.232	140.60	 0.01		33.355	  2.17	23.70																										
EGEE 4	st010c01	B	2006-11-22T10:30:00z	  -9.999	 -2.507		1009.0	 1	 34.581	3.529	153.40	 0.00		33.928	  2.27	32.90																										
EGEE 4	st011c01	B	2006-11-22T15:30:00z	  -9.996	 -3.004		   0.0	11	 35.932	4.758	207.60	 0.01		0.102	  0.09	 1.07																										
EGEE 4	st011c01	B	2006-11-22T15:30:00z	  -9.996	 -3.004		  10.0	10	 35.928	4.775	208.30	 0.01		0.082	  0.10	 1.04																										
EGEE 4	st011c01	B	2006-11-22T15:30:00z	  -9.996	 -3.004		  10.0	 9	 35.928	4.774	208.20	 0.01		0.083	  0.10	 1.03																										
EGEE 4	st011c01	B	2006-11-22T15:30:00z	  -9.996	 -3.004		  19.0	 8	 35.920	4.724	206.10	 0.02		0.535	  0.14	 1.19																										
EGEE 4	st011c01	B	2006-11-22T15:30:00z	  -9.996	 -3.004		  39.0	 7	 35.731	3.318	144.50	 0.20		12.011	  0.88	 4.07																										
EGEE 4	st011c01	B	2006-11-22T15:30:00z	  -9.996	 -3.004		  59.0	 6	 35.610	2.142	 93.20	 0.14		20.034	  1.33	 6.24																										
EGEE 4	st011c01	B	2006-11-22T15:30:00z	  -9.996	 -3.004		  73.0	 5	 35.538	2.289	 99.60	 0.05		20.797	  1.36	 6.84																										
EGEE 4	st011c01	B	2006-11-22T15:30:00z	  -9.996	 -3.004		 100.0	 4	 35.493			 0.03		20.200	  1.34	 7.05																										
EGEE 4	st011c01	B	2006-11-22T15:30:00z	  -9.996	 -3.004		 299.0	 3	 35.201	1.947	 84.70	 0.01		26.144	  1.68	10.60																										
EGEE 4	st011c01	B	2006-11-22T15:30:00z	  -9.996	 -3.004		 599.0	 2	 34.516	3.371	146.60	 0.01		32.664	  2.16	23.74																										
EGEE 4	st011c01	B	2006-11-22T15:30:00z	  -9.996	 -3.004		1000.0	 1	 34.617	3.592	156.20	 0.01		33.097	  2.23	32.14																										
EGEE 4	st012c01	B	2006-11-22T20:00:00z	  -9.999	 -3.500		   0.7	11	 35.876	4.775	208.30	 0.00		0.077	  0.08	 0.94																										
EGEE 4	st012c01	B	2006-11-22T20:00:00z	  -9.999	 -3.500		   0.7	10	 35.875	4.753	207.30	 0.02		0.082	  0.07	 0.97																										
EGEE 4	st012c01	B	2006-11-22T20:00:00z	  -9.999	 -3.500		  10.2	 9	 35.876	4.759	207.60	 0.01		0.082	  0.07	 0.92																										
EGEE 4	st012c01	B	2006-11-22T20:00:00z	  -9.999	 -3.500		  19.6	 8	 35.873	4.780	208.50	 0.02		0.145	  0.07	 0.96																										
EGEE 4	st012c01	B	2006-11-22T20:00:00z	  -9.999	 -3.500		  40.0	 7	 35.865	4.531	197.50	 0.07		2.206	  0.24	 1.54																										
EGEE 4	st012c01	B	2006-11-22T20:00:00z	  -9.999	 -3.500		  60.0	 6	 35.600	2.420	105.40	 0.22		19.040	  1.24	 6.20																										
EGEE 4	st012c01	B	2006-11-22T20:00:00z	  -9.999	 -3.500		  78.0	 5	 35.558	2.215	 96.40	 0.09		20.702	  1.34	 6.89																										
EGEE 4	st012c01	B	2006-11-22T20:00:00z	  -9.999	 -3.500		 100.0	 4	 35.497	2.152	 93.60	 0.03		21.853	  1.40	 7.58																										
EGEE 4	st012c01	B	2006-11-22T20:00:00z	  -9.999	 -3.500		 300.0	 3	 35.136	1.960	 85.30	 0.03		27.099	  1.70	10.85																										
EGEE 4	st012c01	B	2006-11-22T20:00:00z	  -9.999	 -3.500		 599.0	 2	 34.524	3.144	136.70	 0.02		33.959	  2.20	24.13																										
EGEE 4	st012c01	B	2006-11-22T20:00:00z	  -9.999	 -3.500		1002.0	 1	 34.587	3.548	154.20	 0.04		34.102	  2.26	33.25																										
EGEE 4	st013c01	B	2006-11-23T01:00:00z	  -9.995	 -4.005		   1.0	11	 35.879	4.755	207.40	 0.00		0.021	  0.09	 0.89																										
EGEE 4	st013c01	B	2006-11-23T01:00:00z	  -9.995	 -4.005		  10.0	10	 35.879	4.778	208.40	 0.01		0.015	  0.08	 0.90																										
EGEE 4	st013c01	B	2006-11-23T01:00:00z	  -9.995	 -4.005		  20.0	 9	 35.879	4.746	207.00	 0.01		0.024	  0.09	 0.88																										
EGEE 4	st013c01	B	2006-11-23T01:00:00z	  -9.995	 -4.005		  39.0	 8	 35.817	3.950	172.10	 0.15		6.605	  0.59	 2.74																										
EGEE 4	st013c01	B	2006-11-23T01:00:00z	  -9.995	 -4.005		  56.0	 7	 35.605	2.471	107.60	 0.21		18.795	  1.25	 6.00																										
EGEE 4	st013c01	B	2006-11-23T01:00:00z	  -9.995	 -4.005		  69.0	 6	 35.560	2.234	 97.20	 0.12		20.610	  1.34	 6.86																										
EGEE 4	st013c01	B	2006-11-23T01:00:00z	  -9.995	 -4.005		  99.0	 5	 35.512	2.200	 95.70	 0.02		21.366	  1.39	 7.41																										
EGEE 4	st013c01	B	2006-11-23T01:00:00z	  -9.995	 -4.005		 298.0	 4	 35.125	1.714	 74.60	 0.01		28.271	  1.77	11.37																										
EGEE 4	st013c01	B	2006-11-23T01:00:00z	  -9.995	 -4.005		 598.0	 3	 34.510	3.325	144.60	 0.02		33.639	  2.19	24.63																										
EGEE 4	st013c01	B	2006-11-23T01:00:00z	  -9.995	 -4.005		1007.0	 2	 34.590	3.558	154.70	 0.01		33.816	  2.25	32.85																										
EGEE 4	st013c01	B	2006-11-23T01:00:00z	  -9.995	 -4.005		1008.0	 1	 34.589	3.597	156.40	 0.01		33.616	  2.26	32.45																										
EGEE 4	st014c01	B	2006-11-23T06:00:00z	  -9.999	 -4.500		   0.9	11	 35.896	4.806	209.60	 0.00		0.176	  0.11	 1.57																										
EGEE 4	st014c01	B	2006-11-23T06:00:00z	  -9.999	 -4.500		   9.0	10	 35.896	4.770	208.10	 0.00		0.225	  0.13	 1.50																										
EGEE 4	st014c01	B	2006-11-23T06:00:00z	  -9.999	 -4.500		  19.1	 9	 35.896	4.769	208.00	 0.00		0.235	  0.13	 1.46																										
EGEE 4	st014c01	B	2006-11-23T06:00:00z	  -9.999	 -4.500		  38.4	 8	 35.915	4.678	204.00	 0.03		0.871	  0.20	 1.60																										
EGEE 4	st014c01	B	2006-11-23T06:00:00z	  -9.999	 -4.500		  58.4	 7	 35.802	3.343	145.60	 0.36		11.005	  0.84	 3.97																										
EGEE 4	st014c01	B	2006-11-23T06:00:00z	  -9.999	 -4.500		  79.4	 6	 35.625	2.632	114.60	 0.17		17.575	  1.21	 5.78																										
EGEE 4	st014c01	B	2006-11-23T06:00:00z	  -9.999	 -4.500		 100.0	 5	 35.452	2.483	108.10	 0.17		20.409	  1.34	 7.01																										
EGEE 4	st014c01	B	2006-11-23T06:00:00z	  -9.999	 -4.500		 301.0	 4	 35.039	2.067	 89.90	 0.05		27.852	  1.77	11.67																										
EGEE 4	st014c01	B	2006-11-23T06:00:00z	  -9.999	 -4.500		 599.0	 3	 34.510	3.302	143.60	 0.05		33.852	  2.21	24.51																										
EGEE 4	st014c01	B	2006-11-23T06:00:00z	  -9.999	 -4.500		 599.0	 2	 34.510	2.920	127.00	 0.04		33.506	  2.21	24.30																										
EGEE 4	st014c01	B	2006-11-23T06:00:00z	  -9.999	 -4.500		1002.9	 1	 34.569	3.549	154.30	 0.01		33.886	  2.28	32.67																										
EGEE 4	st015c01	B	2006-11-23T10:30:00z	  -9.995	 -5.006		   0.5	11	 35.985	4.754	207.30	 0.00		0.127	  0.11	 1.07																										
EGEE 4	st015c01	B	2006-11-23T10:30:00z	  -9.995	 -5.006		  11.0	10	 35.984	4.806	209.60	 0.00		0.098	  0.10	 1.10																										
EGEE 4	st015c01	B	2006-11-23T10:30:00z	  -9.995	 -5.006		  20.0	 9	 35.983	4.763	207.70	 0.00		0.186	  0.11	 1.06																										
EGEE 4	st015c01	B	2006-11-23T10:30:00z	  -9.995	 -5.006		  40.0	 8	 35.984	4.752	207.20	 0.00		0.173	  0.10	 1.07																										
EGEE 4	st015c01	B	2006-11-23T10:30:00z	  -9.995	 -5.006		  60.0	 7	 36.230	4.595	200.30	 0.09		0.998	  0.22	 1.26																										
EGEE 4	st015c01	B	2006-11-23T10:30:00z	  -9.995	 -5.006		  79.0	 6	 36.287	3.683	160.40	 0.39		7.515	  0.63	 2.60																										
EGEE 4	st015c01	B	2006-11-23T10:30:00z	  -9.995	 -5.006		 100.0	 5	 35.718	2.824	122.90	 0.15		15.801	  1.09	 5.03																										
EGEE 4	st015c01	B	2006-11-23T10:30:00z	  -9.995	 -5.006		 300.0	 4	 34.887	1.918	 83.40	 0.02		31.687	  1.95	14.38																										
EGEE 4	st015c01	B	2006-11-23T10:30:00z	  -9.995	 -5.006		 299.0	 3	 34.887			 0.02		31.648	  1.97	14.47																										
EGEE 4	st015c01	B	2006-11-23T10:30:00z	  -9.995	 -5.006		 600.0	 2	 34.543	2.747	119.50	 0.03		36.254	  2.34	24.93																										
EGEE 4	st015c01	B	2006-11-23T10:30:00z	  -9.995	 -5.006		1006.0	 1	 34.591	3.655	158.90	 0.03		33.503	  2.23	33.11																										
EGEE 4	st016c01	B	2006-11-23T15:45:00z	 -10.001	 -5.504		   0.0	11	 35.967	4.795	209.10	 0.02		0.183	  0.12	 1.23																										
EGEE 4	st016c01	B	2006-11-23T15:45:00z	 -10.001	 -5.504		   9.0	10	 35.965	4.800	209.30	 0.01		0.161	  0.12	 1.20																										
EGEE 4	st016c01	B	2006-11-23T15:45:00z	 -10.001	 -5.504		   9.0	 9	 35.965	4.798	209.20	 0.02		0.183	  0.12	 1.19																										
EGEE 4	st016c01	B	2006-11-23T15:45:00z	 -10.001	 -5.504		  40.0	 8	 35.971	4.819	210.20	 0.00		0.205	  0.11	 1.23																										
EGEE 4	st016c01	B	2006-11-23T15:45:00z	 -10.001	 -5.504		  59.0	 7	 36.025	4.769	207.90	 0.03		0.275	  0.16	 1.03																										
EGEE 4	st016c01	B	2006-11-23T15:45:00z	 -10.001	 -5.504		  79.0	 6	 35.912	3.527	153.70	 0.43		8.619	  0.67	 2.98																										
EGEE 4	st016c01	B	2006-11-23T15:45:00z	 -10.001	 -5.504		  99.0	 5	 35.855	3.012	131.20	 0.13		13.151	  0.91	 4.07																										
EGEE 4	st016c01	B	2006-11-23T15:45:00z	 -10.001	 -5.504		  99.0	 4	 35.854	3.047	132.70	 0.15		13.260	  0.92	 4.15																										
EGEE 4	st016c01	B	2006-11-23T15:45:00z	 -10.001	 -5.504		 297.0	 3	 34.924	1.988	 86.50	 0.00		31.407	  1.91	14.03																										
EGEE 4	st016c01	B	2006-11-23T15:45:00z	 -10.001	 -5.504		 599.0	 2	 34.550	2.586	112.50	 0.02		36.638	  2.32	25.69																										
EGEE 4	st016c01	B	2006-11-23T15:45:00z	 -10.001	 -5.504		1002.0	 1	 34.590	3.627	157.70	 0.01		33.758	  2.23	33.66																										
EGEE 4	st017c01	B	2006-11-23T20:45:00z	 -10.000	 -5.997		   1.7	11	 36.102	4.829	210.50	 0.00		0.029	  0.16	 1.13																										
EGEE 4	st017c01	B	2006-11-23T20:45:00z	 -10.000	 -5.997		  10.0	10	 36.100	4.800	209.30	 0.00		0.039	  0.15	 1.09																										
EGEE 4	st017c01	B	2006-11-23T20:45:00z	 -10.000	 -5.997		  20.0	 9	 36.100	4.780	208.40	 0.00		0.074	  0.15	 1.11																										
EGEE 4	st017c01	B	2006-11-23T20:45:00z	 -10.000	 -5.997		  41.0	 8	 36.092	4.809	209.70	 0.01		0.144	  0.17	 1.13																										
EGEE 4	st017c01	B	2006-11-23T20:45:00z	 -10.000	 -5.997		  61.0	 7	 36.092	3.901	169.90	 0.45		6.045	  0.55	 2.33																										
EGEE 4	st017c01	B	2006-11-23T20:45:00z	 -10.000	 -5.997		  79.0	 6	 35.992	3.107	135.30	 0.15		12.310	  0.90	 3.91																										
EGEE 4	st017c01	B	2006-11-23T20:45:00z	 -10.000	 -5.997		  99.0	 5	 35.852	2.735	119.10	 0.08		15.707	  1.09	 4.92																										
EGEE 4	st017c01	B	2006-11-23T20:45:00z	 -10.000	 -5.997		 499.0	 4	 35.752	2.053	 89.20	 0.00		36.459	  2.28	21.02																										
EGEE 4	st017c01	B	2006-11-23T20:45:00z	 -10.000	 -5.997		1001.0	 3	 34.659	3.635	158.00	 0.00		33.357	  2.21	33.58																										
EGEE 4	st017c01	B	2006-11-23T20:45:00z	 -10.000	 -5.997		1498.0	 2	 34.930	4.987	216.70	 0.00		23.716	  1.56	21.83																										
EGEE 4	st017c01	B	2006-11-23T20:45:00z	 -10.000	 -5.997		2000.5	 1	 34.953	5.526	240.10	 0.01		21.375	  1.40	26.34																										
EGEE 4	st018c01	B	2006-11-27T02:30:00z	  +2.334	 -5.996		   0.6	11	 35.968	4.772	208.30	 0.01		0.000	  0.15	 1.03																										
EGEE 4	st018c01	B	2006-11-27T02:30:00z	  +2.334	 -5.996		   9.0	10	 35.971	4.768	207.90	 0.00		0.059	  0.15	 0.98																										
EGEE 4	st018c01	B	2006-11-27T02:30:00z	  +2.334	 -5.996		  19.0	 9	 35.996	4.756	207.20	 0.00		0.328	  0.19	 1.02																										
EGEE 4	st018c01	B	2006-11-27T02:30:00z	  +2.334	 -5.996		  40.0	 8	 35.865	3.364	146.50	 0.28		10.554	  0.80	 3.31																										
EGEE 4	st018c01	B	2006-11-27T02:30:00z	  +2.334	 -5.996		  59.0	 7	 35.647	2.092	 91.00	 0.34		19.780	  1.30	 5.91																										
EGEE 4	st018c01	B	2006-11-27T02:30:00z	  +2.334	 -5.996		  80.0	 6	 35.569	1.816	 79.00	 0.02		22.384	  1.42	 7.29																										
EGEE 4	st018c01	B	2006-11-27T02:30:00z	  +2.334	 -5.996		  98.0	 5	 35.529	2.180	 94.80	 0.02		21.309	  1.36	 7.22																										
EGEE 4	st018c01	B	2006-11-27T02:30:00z	  +2.334	 -5.996		 498.0	 4	 34.650	1.610	 70.10	 0.00		39.234	  2.40	22.62																										
EGEE 4	st018c01	B	2006-11-27T02:30:00z	  +2.334	 -5.996		 997.0	 3	 34.584	3.384	147.20	 0.01		34.737	  2.28	34.04																										
EGEE 4	st018c01	B	2006-11-27T02:30:00z	  +2.334	 -5.996		1498.0	 2	 34.929	4.973	216.20	 0.00		23.736	  1.54	23.63																										
EGEE 4	st018c01	B	2006-11-27T02:30:00z	  +2.334	 -5.996		2004.0	 1	 34.943	5.393	234.40	 0.00		22.033	  1.42	27.88																										
EGEE 4	st019c01	B	2006-11-27T07:30:00z	  +2.333	 -5.500		   0.3	11	 35.974	4.785	208.70	 0.00		0.038	  0.11	 2.02																										
EGEE 4	st019c01	B	2006-11-27T07:30:00z	  +2.333	 -5.500		   9.7	10	 35.974	4.752	207.20	 0.00		0.130	  0.11	 1.56																										
EGEE 4	st019c01	B	2006-11-27T07:30:00z	  +2.333	 -5.500		  19.0	 9	 35.975	4.753	207.30	 0.00		0.185	  0.11	 1.57																										
EGEE 4	st019c01	B	2006-11-27T07:30:00z	  +2.333	 -5.500		  40.6	 8	 35.971	4.706	205.10	 0.05		1.516	  0.25	 2.19																										
EGEE 4	st019c01	B	2006-11-27T07:30:00z	  +2.333	 -5.500		  59.0	 7	 35.815	3.005	130.80	 0.40		12.325	  0.92	 4.26																										
EGEE 4	st019c01	B	2006-11-27T07:30:00z	  +2.333	 -5.500		  81.0	 6	 35.585	2.306	100.40	 0.23		19.308	  1.29	 6.19																										
EGEE 4	st019c01	B	2006-11-27T07:30:00z	  +2.333	 -5.500		 100.0	 5	 34.498	2.386	103.90	 0.04		20.052	  1.33	 6.74																										
EGEE 4	st019c01	B	2006-11-27T07:30:00z	  +2.333	 -5.500		 299.0	 4	 35.006	1.164	 50.60	 0.01		32.309	  2.04	13.84																										
EGEE 4	st019c01	B	2006-11-27T07:30:00z	  +2.333	 -5.500		 599.0	 3	 34.563	2.233	 97.10	 0.01		37.744	  2.44	24.79																										
EGEE 4	st019c01	B	2006-11-27T07:30:00z	  +2.333	 -5.500		1000.0	 2	 34.605	3.465	150.70	 0.01		33.378	  2.26	31.98																										
EGEE 4	st019c01	B	2006-11-27T07:30:00z	  +2.333	 -5.500		1000.0	 1	 34.605	3.458	150.40	 0.01		33.655	  2.29	32.34																										
EGEE 4	st020c01	B	2006-11-27T12:30:00z	  +2.332	 -5.005		   0.5	11	 35.914	4.738	206.70	 0.00		0.000	  0.14	 0.90																										
EGEE 4	st020c01	B	2006-11-27T12:30:00z	  +2.332	 -5.005		  11.0	10	 35.910	4.750	207.20	 0.00		0.000	  0.14	 1.20																										
EGEE 4	st020c01	B	2006-11-27T12:30:00z	  +2.332	 -5.005		  20.0	 9	 35.910	4.757	207.50	 0.00		0.016	  0.15	 1.22																										
EGEE 4	st020c01	B	2006-11-27T12:30:00z	  +2.332	 -5.005		  39.0	 8	 35.911	4.727	206.20	 0.00		0.127	  0.17	 1.07																										
EGEE 4	st020c01	B	2006-11-27T12:30:00z	  +2.332	 -5.005		  60.0	 7	 35.731	2.591	112.80	 0.47		15.639	  1.11	 4.70																										
EGEE 4	st020c01	B	2006-11-27T12:30:00z	  +2.332	 -5.005		  80.0	 6	 35.594	2.022	 88.00	 0.14		20.860	  1.38	 5.67																										
EGEE 4	st020c01	B	2006-11-27T12:30:00z	  +2.332	 -5.005		 100.0	 5	 35.520	2.006	 87.30	 0.04		21.619	  1.43	 7.01																										
EGEE 4	st020c01	B	2006-11-27T12:30:00z	  +2.332	 -5.005		 298.0	 4	 34.998	2.247	 97.80	 0.01		27.689	  1.77	11.69																										
EGEE 4	st020c01	B	2006-11-27T12:30:00z	  +2.332	 -5.005		 601.0	 3	 34.568	2.221	 96.60	 0.02		37.779	  2.44	24.45																										
EGEE 4	st020c01	B	2006-11-27T12:30:00z	  +2.332	 -5.005		 601.0	 2	 34.566	2.238	 97.30	 0.00		37.583	  2.47	24.20																										
EGEE 4	st020c01	B	2006-11-27T12:30:00z	  +2.332	 -5.005		1008.0	 1	 34.643	3.571	155.30	 0.01		32.763	  2.23	31.17																										
EGEE 4	st021c01	B	2006-11-27T15:15:00z	  +2.333	 -4.496		   0.3	11				 0.01		0.004	  0.12	 1.10																										
EGEE 4	st021c01	B	2006-11-27T15:15:00z	  +2.333	 -4.496		   9.0	10				 0.01		0.030	  0.13	 0.97																										
EGEE 4	st021c01	B	2006-11-27T15:15:00z	  +2.333	 -4.496		  19.0	 9				 0.00		0.127	  0.14	 1.03																										
EGEE 4	st021c01	B	2006-11-27T15:15:00z	  +2.333	 -4.496		  39.0	 8				 0.16		4.272	  0.43	 2.19																										
EGEE 4	st021c01	B	2006-11-27T15:15:00z	  +2.333	 -4.496		  60.0	 7				 0.26		17.607	  1.21	 5.31																										
EGEE 4	st021c01	B	2006-11-27T15:15:00z	  +2.333	 -4.496		  80.0	 6				 0.07		19.230	  1.28	 5.91																										
EGEE 4	st021c01	B	2006-11-27T15:15:00z	  +2.333	 -4.496		 100.0	 5				 0.02		19.850	  1.30	 6.50																										
EGEE 4	st021c01	B	2006-11-27T15:15:00z	  +2.333	 -4.496		 300.0	 4				 0.03		26.305	  1.67	10.82																										
EGEE 4	st021c01	B	2006-11-27T15:15:00z	  +2.333	 -4.496		 300.0	 3				 0.01		26.539	  1.70	10.75																										
EGEE 4	st021c01	B	2006-11-27T15:15:00z	  +2.333	 -4.496		 600.0	 2				 0.02		38.143	  2.45	23.85																										
EGEE 4	st021c01	B	2006-11-27T15:15:00z	  +2.333	 -4.496		1001.0	 1				 0.02		33.590	  2.26	32.08																										
EGEE 4	st022c01	B	2006-11-27T21:15:00z	  +2.334	 -3.999		   1.0	11	 35.622	4.717	205.80	 0.00		0.000	  0.01	 0.37																										
EGEE 4	st022c01	B	2006-11-27T21:15:00z	  +2.334	 -3.999		  10.0	10	 35.621	4.698	205.00	 0.01		0.000	  0.01	 0.35																										
EGEE 4	st022c01	B	2006-11-27T21:15:00z	  +2.334	 -3.999		  19.0	 9	 35.626	4.699	205.00	 0.02		0.000	  0.02	 0.51																										
EGEE 4	st022c01	B	2006-11-27T21:15:00z	  +2.334	 -3.999		  40.0	 8	 35.752	3.725	162.20	 0.48		8.666	  0.74	 3.39																										
EGEE 4	st022c01	B	2006-11-27T21:15:00z	  +2.334	 -3.999		  60.0	 7	 35.766	2.900	126.20	 0.50		14.195	  1.03	 3.91																										
EGEE 4	st022c01	B	2006-11-27T21:15:00z	  +2.334	 -3.999		  79.0	 6	 35.754	2.886	125.60	 0.31		14.990	  1.05	 4.18																										
EGEE 4	st022c01	B	2006-11-27T21:15:00z	  +2.334	 -3.999		  99.0	 5	 35.694	2.680	116.60	 0.11		16.836	  1.15	 5.08																										
EGEE 4	st022c01	B	2006-11-27T21:15:00z	  +2.334	 -3.999		 299.0	 4	 35.093	2.099	 91.30	 0.03		26.987	  1.70	10.62																										
EGEE 4	st022c01	B	2006-11-27T21:15:00z	  +2.334	 -3.999		 299.0	 3	 35.092	2.082	 90.60	 0.01		26.902	  1.71	10.57																										
EGEE 4	st022c01	B	2006-11-27T21:15:00z	  +2.334	 -3.999		 600.0	 2	 34.575	2.154	 93.70	 0.02		37.917	  2.43	23.93																										
EGEE 4	st022c01	B	2006-11-27T21:15:00z	  +2.334	 -3.999		1004.0	 1	 34.647	3.571	155.30	 0.02		32.967	  2.22	31.62																										
EGEE 4	st023c01	B	2006-11-28T02:00:00z	  +2.329	 -3.512		   0.5	11				 0.01		0.000	  0.02	 0.44																										
EGEE 4	st023c01	B	2006-11-28T02:00:00z	  +2.329	 -3.512		   9.0	10				 0.01		0.013	  0.03	 0.30																										
EGEE 4	st023c01	B	2006-11-28T02:00:00z	  +2.329	 -3.512		  20.0	 9				 0.06		0.472	  0.10	 0.89																										
EGEE 4	st023c01	B	2006-11-28T02:00:00z	  +2.329	 -3.512		  40.0	 8				 0.69		8.141	  0.70	 2.97																										
EGEE 4	st023c01	B	2006-11-28T02:00:00z	  +2.329	 -3.512		  59.0	 7				 0.40		17.704	  1.23	 5.10																										
EGEE 4	st023c01	B	2006-11-28T02:00:00z	  +2.329	 -3.512		  78.0	 6				 0.09		18.555	  1.27	 5.52																										
EGEE 4	st023c01	B	2006-11-28T02:00:00z	  +2.329	 -3.512		  98.0	 5				 0.04		18.740	  1.28	 5.93																										
EGEE 4	st023c01	B	2006-11-28T02:00:00z	  +2.329	 -3.512		  98.0	 4				 0.05		18.790	  1.28	 6.02																										
EGEE 4	st023c01	B	2006-11-28T02:00:00z	  +2.329	 -3.512		 299.0	 3				 0.00		27.593	  1.77	10.66																										
EGEE 4	st023c01	B	2006-11-28T02:00:00z	  +2.329	 -3.512		 599.0	 2				 0.00		38.285	  2.47	24.25																										
EGEE 4	st023c01	B	2006-11-28T02:00:00z	  +2.329	 -3.512		1004.0	 1				 0.00		33.882	  2.29	32.06																										
EGEE 4	st024c01	B	2006-11-28T06:30:00z	  +2.334	 -3.002		   0.7	11	 35.665	4.697	205.00	 0.00		0.229	  0.03	 1.12																										
EGEE 4	st024c01	B	2006-11-28T06:30:00z	  +2.334	 -3.002		   8.0	10	 35.665	4.694	204.80	 0.01		0.140	  0.03	 1.07																										
EGEE 4	st024c01	B	2006-11-28T06:30:00z	  +2.334	 -3.002		  18.0	 9	 35.665	4.705	205.30	 0.01		0.317	  0.03	 1.01																										
EGEE 4	st024c01	B	2006-11-28T06:30:00z	  +2.334	 -3.002		  33.0	 8	 35.753	4.573	199.40	 0.15		1.733	  0.25	 1.78																										
EGEE 4	st024c01	B	2006-11-28T06:30:00z	  +2.334	 -3.002		  58.5	 7	 35.770	3.294	143.40	 0.52		11.438	  0.92	 4.50																										
EGEE 4	st024c01	B	2006-11-28T06:30:00z	  +2.334	 -3.002		  77.4	 6	 35.736	3.102	135.00	 0.43		13.225	  1.02	 4.93																										
EGEE 4	st024c01	B	2006-11-28T06:30:00z	  +2.334	 -3.002		  77.0	 5	 35.734	3.169	137.90	 0.41		13.289	  1.03	 5.00																										
EGEE 4	st024c01	B	2006-11-28T06:30:00z	  +2.334	 -3.002		  99.0	 4	 35.675	2.981	129.70	 0.12		14.551	  1.10	 5.48																										
EGEE 4	st024c01	B	2006-11-28T06:30:00z	  +2.334	 -3.002		 300.0	 3	 35.118	2.058	 89.50	 0.00		25.414	  1.73	10.84																										
EGEE 4	st024c01	B	2006-11-28T06:30:00z	  +2.334	 -3.002		 599.0	 2	 34.560	2.611	113.50	 0.00		34.431	  2.37	23.36																										
EGEE 4	st024c01	B	2006-11-28T06:30:00z	  +2.334	 -3.002		1002.0	 1	 34.641	3.623	157.50	 0.01		31.102	  2.27	31.51																										
EGEE 4	st025c01	B	2006-11-28T11:00:00z	  +2.320	 -2.508		   0.5	11	 35.639	4.720	206.00	 0.00		0.211	  0.04	 0.51																										
EGEE 4	st025c01	B	2006-11-28T11:00:00z	  +2.320	 -2.508		  10.0	10	 35.637	4.709	205.50	 0.00		0.191	  0.04	 0.49																										
EGEE 4	st025c01	B	2006-11-28T11:00:00z	  +2.320	 -2.508		  21.0	 9	 35.639	4.733	206.50	 0.00		0.212	  0.04	 0.45																										
EGEE 4	st025c01	B	2006-11-28T11:00:00z	  +2.320	 -2.508		  39.0	 8	 35.842	4.699	204.80	 0.07		0.748	  0.19	 0.97																										
EGEE 4	st025c01	B	2006-11-28T11:00:00z	  +2.320	 -2.508		  60.0	 7	 35.809	3.020	131.50	 0.59		11.081	  0.94	 3.58																										
EGEE 4	st025c01	B	2006-11-28T11:00:00z	  +2.320	 -2.508		  60.0	 6	 35.818	3.064	133.40	 0.58		10.903	  0.93	 3.49																										
EGEE 4	st025c01	B	2006-11-28T11:00:00z	  +2.320	 -2.508		  80.0	 5	 35.757	3.009	131.00	 0.38		12.655	  1.02	 4.18																										
EGEE 4	st025c01	B	2006-11-28T11:00:00z	  +2.320	 -2.508		  99.0	 4	 35.714	3.036	132.10	 0.22		13.346	  1.05	 4.75																										
EGEE 4	st025c01	B	2006-11-28T11:00:00z	  +2.320	 -2.508		 301.0	 3	 35.054	1.826	 79.40	 0.00		26.970	  1.84	11.50																										
EGEE 4	st025c01	B	2006-11-28T11:00:00z	  +2.320	 -2.508		 600.0	 2	 34.547	2.530	110.00	 0.00		34.592	  2.45	24.66																										
EGEE 4	st025c01	B	2006-11-28T11:00:00z	  +2.320	 -2.508		1005.0	 1	 34.669	3.678	159.90	 0.00		30.283	  2.22	30.44																										
EGEE 4	st026c01	B	2006-11-28T16:00:00z	  +2.331	 -1.995		   0.3	11	 35.683	4.700	205.10	 0.01		0.136	  0.05	 0.47																										
EGEE 4	st026c01	B	2006-11-28T16:00:00z	  +2.331	 -1.995		   9.5	10	 35.681	4.715	205.70	 0.02		0.156	  0.05	 0.43																										
EGEE 4	st026c01	B	2006-11-28T16:00:00z	  +2.331	 -1.995		  19.0	 9	 35.696	4.806	209.70	 0.02		0.148	  0.07	 0.50																										
EGEE 4	st026c01	B	2006-11-28T16:00:00z	  +2.331	 -1.995		  39.0	 8	 35.904	4.705	205.10	 0.10		0.754	  0.21	 1.06																										
EGEE 4	st026c01	B	2006-11-28T16:00:00z	  +2.331	 -1.995		  39.0	 7	 35.906	4.712	205.40	 0.09		0.578	  0.20	 1.07																										
EGEE 4	st026c01	B	2006-11-28T16:00:00z	  +2.331	 -1.995		  60.0	 6	 35.747	2.934	127.70	 0.32		13.988	  1.05	 4.27																										
EGEE 4	st026c01	B	2006-11-28T16:00:00z	  +2.331	 -1.995		  80.0	 5	 35.674	2.958	128.70	 0.08		15.037	  1.09	 4.76																										
EGEE 4	st026c01	B	2006-11-28T16:00:00z	  +2.331	 -1.995		  99.0	 4	 35.646	2.972	129.40	 0.05		15.171	  1.12	 4.97																										
EGEE 4	st026c01	B	2006-11-28T16:00:00z	  +2.331	 -1.995		 298.0	 3	 35.061	1.972	 85.80	 0.02		26.992	  1.79	11.00																										
EGEE 4	st026c01	B	2006-11-28T16:00:00z	  +2.331	 -1.995		 599.0	 2	 34.535	2.970	129.20	 0.02		33.724	  2.32	24.18																										
EGEE 4	st026c01	B	2006-11-28T16:00:00z	  +2.331	 -1.995		1000.0	 1	 34.608	3.568	155.10	 0.01		32.207	  2.30	31.29																										
EGEE 4	st027c01	B	2006-11-28T20:00:00z	  +2.333	 -1.496		   0.5	11	 35.602	4.655	203.20	 0.02		0.120	  0.05	 0.38																										
EGEE 4	st027c01	B	2006-11-28T20:00:00z	  +2.333	 -1.496		   9.3	10	 35.604	4.673	203.90	 0.01		0.123	  0.07	 0.51																										
EGEE 4	st027c01	B	2006-11-28T20:00:00z	  +2.333	 -1.496		  19.0	 9	 35.626	4.705	205.30	 0.01		0.118	  0.10	 0.48																										
EGEE 4	st027c01	B	2006-11-28T20:00:00z	  +2.333	 -1.496		  19.0	 8	 35.625	4.683	204.40	 0.02		0.097	  0.08	 0.55																										
EGEE 4	st027c01	B	2006-11-28T20:00:00z	  +2.333	 -1.496		  40.0	 7	 35.944	4.588	200.00	 0.13		0.821	  0.24	 1.12																										
EGEE 4	st027c01	B	2006-11-28T20:00:00z	  +2.333	 -1.496		  59.0	 6	 35.800	2.796	121.70	 0.05		13.376	  1.04	 4.80																										
EGEE 4	st027c01	B	2006-11-28T20:00:00z	  +2.333	 -1.496		  79.0	 5	 35.681	3.246	141.30	 0.53		12.976	  1.06	 4.05																										
EGEE 4	st027c01	B	2006-11-28T20:00:00z	  +2.333	 -1.496		  99.0	 4	 35.648	3.209	139.70	 0.02		13.489	  1.07	 4.99																										
EGEE 4	st027c01	B	2006-11-28T20:00:00z	  +2.333	 -1.496		 300.0	 3	 35.029	1.425	 62.00	 0.02		29.315	  1.99	12.85																										
EGEE 4	st027c01	B	2006-11-28T20:00:00z	  +2.333	 -1.496		 600.0	 2	 34.551	2.847	123.80	 0.02		31.339	  2.25	31.15																										
EGEE 4	st027c01	B	2006-11-28T20:00:00z	  +2.333	 -1.496		1010.0	 1	 34.618	3.573	155.30	 0.02		32.834	  2.34	24.21																										
EGEE 4	st028c01	B	2006-11-29T01:00:00z	  +2.327	 -1.010		   0.3	11	 35.237	4.619	201.70	 0.02		0.116	  0.01	 0.23																										
EGEE 4	st028c01	B	2006-11-29T01:00:00z	  +2.327	 -1.010		   0.3	10	 35.237	4.649	203.00	 0.02		0.154	  0.01	 0.24																										
EGEE 4	st028c01	B	2006-11-29T01:00:00z	  +2.327	 -1.010		  10.0	 9	 35.297	4.661	203.50	 0.02		0.092	  0.01	 0.21																										
EGEE 4	st028c01	B	2006-11-29T01:00:00z	  +2.327	 -1.010		  20.0	 8	 35.580	4.600	200.70	 0.04		0.260	  0.07	 0.48																										
EGEE 4	st028c01	B	2006-11-29T01:00:00z	  +2.327	 -1.010		  39.0	 7	 35.988	3.654	159.20	 0.47		6.241	  0.60	 2.14																										
EGEE 4	st028c01	B	2006-11-29T01:00:00z	  +2.327	 -1.010		  59.0	 6	 35.775	3.119	135.80	 0.17		12.595	  0.98	 4.29																										
EGEE 4	st028c01	B	2006-11-29T01:00:00z	  +2.327	 -1.010		  79.0	 5	 35.710	3.375	146.90	 0.07		12.511	  0.96	 4.51																										
EGEE 4	st028c01	B	2006-11-29T01:00:00z	  +2.327	 -1.010		  99.0	 4	 35.665	3.336	145.20	 0.04		13.026	  1.00	 4.73																										
EGEE 4	st028c01	B	2006-11-29T01:00:00z	  +2.327	 -1.010		 299.0	 3	 34.993	1.640	 71.40	 0.01		30.467	  1.91	12.72																										
EGEE 4	st028c01	B	2006-11-29T01:00:00z	  +2.327	 -1.010		 597.0	 2	 34.561	2.858	124.30	 0.01		34.376	  2.28	23.16																										
EGEE 4	st028c01	B	2006-11-29T01:00:00z	  +2.327	 -1.010		1006.0	 1	 34.616	3.493	151.90	 0.01		33.202	  2.25	31.50																										
EGEE 4	st029c01	B	2006-11-29T05:30:00z	  +2.333	 -0.498		   0.4	11	 35.026	4.619	201.70	 0.00		0.112	  0.02	 0.49																										
EGEE 4	st029c01	B	2006-11-29T05:30:00z	  +2.333	 -0.498		   9.2	10	 35.052	4.649	203.00	 0.01		0.130	  0.02	 0.44																										
EGEE 4	st029c01	B	2006-11-29T05:30:00z	  +2.333	 -0.498		  19.0	 9	 35.751	4.661	203.50	 0.13		1.141	  0.19	 1.20																										
EGEE 4	st029c01	B	2006-11-29T05:30:00z	  +2.333	 -0.498		  38.7	 8	 36.141	4.600	200.70	 0.41		4.036	  0.47	 1.84																										
EGEE 4	st029c01	B	2006-11-29T05:30:00z	  +2.333	 -0.498		  59.0	 7	 36.098	3.654	159.20	 0.29		7.720	  0.71	 2.70																										
EGEE 4	st029c01	B	2006-11-29T05:30:00z	  +2.333	 -0.498		  78.0	 6	 35.867	3.119	135.80	 0.13		10.401	  0.85	 3.80																										
EGEE 4	st029c01	B	2006-11-29T05:30:00z	  +2.333	 -0.498		  99.6	 5	 35.754	3.375	146.90	 0.06		12.627	  0.97	 4.51																										
EGEE 4	st029c01	B	2006-11-29T05:30:00z	  +2.333	 -0.498		 300.0	 4	 35.072	3.336	145.20	 0.01		30.275	  1.98	12.25																										
EGEE 4	st029c01	B	2006-11-29T05:30:00z	  +2.333	 -0.498		 599.0	 3	 34.562	1.640	 71.40	 0.01		34.353	  2.39	23.01																										
EGEE 4	st029c01	B	2006-11-29T05:30:00z	  +2.333	 -0.498		1003.0	 2	 34.616	2.858	124.30	 0.00		32.920	  2.35	30.92																										
EGEE 4	st029c01	B	2006-11-29T05:30:00z	  +2.333	 -0.498		1003.0	 1	 34.616	3.493	151.90	 0.01		32.774	  2.36	31.23																										
EGEE 4	st030c01	B	2006-11-29T10:00:00z	  +2.332	 -0.008		   0.5	11	 34.880			 0.01		0.050	  0.00	 0.33																										
EGEE 4	st030c01	B	2006-11-29T10:00:00z	  +2.332	 -0.008		   9.0	10	 34.880	4.612	201.50	 0.00		0.057	  0.01	 0.53																										
EGEE 4	st030c01	B	2006-11-29T10:00:00z	  +2.332	 -0.008		  20.0	 9	 34.892	4.623	201.90	 0.01		0.059	  0.00	 0.38																										
EGEE 4	st030c01	B	2006-11-29T10:00:00z	  +2.332	 -0.008		  40.0	 8	 35.971	4.220	183.90	 0.21		3.631	  0.40	 1.98																										
EGEE 4	st030c01	B	2006-11-29T10:00:00z	  +2.332	 -0.008		  60.0	 7	 36.088	3.879	168.90	 0.27		7.710	  0.68	 2.96																										
EGEE 4	st030c01	B	2006-11-29T10:00:00z	  +2.332	 -0.008		  80.0	 6	 35.944	3.839	167.20	 0.14		9.318	  0.75	 3.58																										
EGEE 4	st030c01	B	2006-11-29T10:00:00z	  +2.332	 -0.008		  99.0	 5	 35.777	3.577	155.70	 0.07		12.199	  0.95	 4.53																										
EGEE 4	st030c01	B	2006-11-29T10:00:00z	  +2.332	 -0.008		 500.0	 4	 34.684	2.222	 96.70	 0.01		34.435	  2.31	19.51																										
EGEE 4	st030c01	B	2006-11-29T10:00:00z	  +2.332	 -0.008		1000.0	 3	 34.641	3.590	156.10	 0.01		32.531	  2.29	30.88																										
EGEE 4	st030c01	B	2006-11-29T10:00:00z	  +2.332	 -0.008		1500.0	 2	 34.953	5.126	222.80	 0.01		22.168	  1.57	20.13																										
EGEE 4	st030c01	B	2006-11-29T10:00:00z	  +2.332	 -0.008		2005.5	 1	 34.960	5.615	244.10	 0.01		20.385	  1.46	23.40																										
EGEE 4	st031c01	B	2006-11-29T15:30:00z	  +2.332	 +0.499		   0.3	11	 34.828	4.618	201.70	 0.02		0.070	  0.00	 0.16																										
EGEE 4	st031c01	B	2006-11-29T15:30:00z	  +2.332	 +0.499		  10.0	10	 34.811	4.646	202.90	 0.01		0.055	  0.00	 0.25																										
EGEE 4	st031c01	B	2006-11-29T15:30:00z	  +2.332	 +0.499		  20.0	 9	 34.849	4.658	203.50	 0.02		0.042	  0.00	 0.27																										
EGEE 4	st031c01	B	2006-11-29T15:30:00z	  +2.332	 +0.499		  39.0	 8	 35.681	4.383	191.10	 0.09		2.610	  0.28	 1.51																										
EGEE 4	st031c01	B	2006-11-29T15:30:00z	  +2.332	 +0.499		  60.0	 7	 35.777	2.940	128.00	 0.21		14.336	  1.04	 4.36																										
EGEE 4	st031c01	B	2006-11-29T15:30:00z	  +2.332	 +0.499		  79.0	 6	 35.761	3.443	149.90	 0.10		13.153	  0.97	 4.55																										
EGEE 4	st031c01	B	2006-11-29T15:30:00z	  +2.332	 +0.499		  98.0	 5	 35.695	3.344	145.60	 0.04		14.173	  1.03	 4.93																										
EGEE 4	st031c01	B	2006-11-29T15:30:00z	  +2.332	 +0.499		 298.0	 4	 35.018	1.501	 65.30	 0.02		31.309	  2.03	13.22																										
EGEE 4	st031c01	B	2006-11-29T15:30:00z	  +2.332	 +0.499		 599.0	 3	 34.571	1.464	 63.70	 0.01		34.646	  2.37	23.78																										
EGEE 4	st031c01	B	2006-11-29T15:30:00z	  +2.332	 +0.499		 599.0	 2	 34.569	2.784	121.10	 0.01		34.654	  2.40	24.25																										
EGEE 4	st031c01	B	2006-11-29T15:30:00z	  +2.332	 +0.499		1003.0	 1	 34.642	3.540	153.90	 0.01		32.804	  2.33	31.73																										
EGEE 4	st032c01	B	2006-11-29T19:45:00z	  +2.332	 +0.995		   0.3	11	 34.724	4.617	201.70	 0.00		0.078	  0.03	 0.64																										
EGEE 4	st032c01	B	2006-11-29T19:45:00z	  +2.332	 +0.995		   8.9	10	 34.750	4.618	201.80	 0.00		0.107	  0.00	 0.49																										
EGEE 4	st032c01	B	2006-11-29T19:45:00z	  +2.332	 +0.995		  19.1	 9	 34.842	4.614	201.60	 0.01		0.115	  0.03	 0.25																										
EGEE 4	st032c01	B	2006-11-29T19:45:00z	  +2.332	 +0.995		  38.8	 8	 35.560	2.463	107.40	 0.04		1.851	  0.24	 1.12																										
EGEE 4	st032c01	B	2006-11-29T19:45:00z	  +2.332	 +0.995		  58.6	 7	 35.701	2.673	116.30	 0.10		16.367	  1.17	 4.94																										
EGEE 4	st032c01	B	2006-11-29T19:45:00z	  +2.332	 +0.995		  78.6	 6	 35.642	1.661	 72.30	 0.01		14.760	  1.09	 4.93																										
EGEE 4	st032c01	B	2006-11-29T19:45:00z	  +2.332	 +0.995		 100.0	 5	 35.588	2.583	112.40	 0.01		15.025	  1.11	 5.18																										
EGEE 4	st032c01	B	2006-11-29T19:45:00z	  +2.332	 +0.995		 299.0	 4	 35.020	1.858	 80.80	 0.01		29.640	  1.95	12.52																										
EGEE 4	st032c01	B	2006-11-29T19:45:00z	  +2.332	 +0.995		 299.0	 3	 35.016	1.869	 81.30	 0.00		29.736	  1.96	12.88																										
EGEE 4	st032c01	B	2006-11-29T19:45:00z	  +2.332	 +0.995		 600.0	 2	 34.562	2.834	123.20	 0.01		34.941	  2.41	24.57																										
EGEE 4	st032c01	B	2006-11-29T19:45:00z	  +2.332	 +0.995		1000.8	 1	 34.632	3.538	153.80	 0.00		32.951	  2.34	32.03																										
EGEE 4	st033c01	B	2006-11-30T00:30:00z	  +2.337	 +1.479		   0.5	11	 34.945	4.541	198.40	 0.01		0.089	  0.00	 0.34																										
EGEE 4	st033c01	B	2006-11-30T00:30:00z	  +2.337	 +1.479		  10.0	10	 34.949	4.564	199.40	 0.00		0.088	  0.00	 0.39																										
EGEE 4	st033c01	B	2006-11-30T00:30:00z	  +2.337	 +1.479		  19.0	 9	 35.019	4.609	201.30	 0.00		0.176	  0.00	 0.36																										
EGEE 4	st033c01	B	2006-11-30T00:30:00z	  +2.337	 +1.479		  40.0	 8	 35.499	4.524	197.30	 0.02		1.510	  0.18	 1.03																										
EGEE 4	st033c01	B	2006-11-30T00:30:00z	  +2.337	 +1.479		  60.0	 7	 35.698	3.183	138.50	 0.20		14.380	  1.04	 4.50																										
EGEE 4	st033c01	B	2006-11-30T00:30:00z	  +2.337	 +1.479		  80.0	 6	 35.636	3.341	145.40	 0.03		14.508	  1.03	 4.97																										
EGEE 4	st033c01	B	2006-11-30T00:30:00z	  +2.337	 +1.479		  98.0	 5	 35.600	3.352	145.90	 0.00		14.793	  1.07	 5.10																										
EGEE 4	st033c01	B	2006-11-30T00:30:00z	  +2.337	 +1.479		  98.0	 4	 35.600	3.452	150.20	 0.01		14.873	  1.07	 5.21																										
EGEE 4	st033c01	B	2006-11-30T00:30:00z	  +2.337	 +1.479		 299.0	 3	 35.014	1.833	 79.70	 0.01		30.253	  1.95	12.95																										
EGEE 4	st033c01	B	2006-11-30T00:30:00z	  +2.337	 +1.479		 598.0	 2	 34.584	2.619	113.90	 0.01		35.523	  2.43	25.00																										
EGEE 4	st033c01	B	2006-11-30T00:30:00z	  +2.337	 +1.479		1013.0	 1	 34.659	3.558	154.70	 0.01		32.298	  2.30	31.79																										
EGEE 4	st034c01	B	2006-11-30T05:00:00z	  +2.333	 +1.999		   0.5	11	 34.631	4.569	199.70	 0.00		0.147	  0.06	 0.22																										
EGEE 4	st034c01	B	2006-11-30T05:00:00z	  +2.333	 +1.999		   9.0	10	 34.633	4.576	199.90	 0.01		0.046	  0.00	 0.47																										
EGEE 4	st034c01	B	2006-11-30T05:00:00z	  +2.333	 +1.999		  19.0	 9	 34.929	4.719	206.10	 0.01		0.019	  0.00	 0.44																										
EGEE 4	st034c01	B	2006-11-30T05:00:00z	  +2.333	 +1.999		  39.0	 8	 35.359	4.729	206.40	 0.01		0.320	  0.04	 0.66																										
EGEE 4	st034c01	B	2006-11-30T05:00:00z	  +2.333	 +1.999		  58.0	 7	 35.741	3.776	164.40	 0.28		9.584	  0.74	 2.10																										
EGEE 4	st034c01	B	2006-11-30T05:00:00z	  +2.333	 +1.999		  78.0	 6	 35.650	3.316	144.30	 0.13		16.570	  1.11	 3.87																										
EGEE 4	st034c01	B	2006-11-30T05:00:00z	  +2.333	 +1.999		  78.0	 5	 35.651	3.329	144.90	 0.13		16.586	  1.11	 4.11																										
EGEE 4	st034c01	B	2006-11-30T05:00:00z	  +2.333	 +1.999		 100.0	 4	 35.615	3.367	146.60	 0.09		16.316	  1.12	 4.30																										
EGEE 4	st034c01	B	2006-11-30T05:00:00z	  +2.333	 +1.999		 298.0	 3	 35.044	1.838	 80.00	 0.02		33.308	  1.99	10.73																										
EGEE 4	st034c01	B	2006-11-30T05:00:00z	  +2.333	 +1.999		 599.0	 2	 34.564	2.814	122.40	 0.01		39.580	  2.45	22.17																										
EGEE 4	st034c01	B	2006-11-30T05:00:00z	  +2.333	 +1.999		1001.0	 1	 34.646	3.537	153.80	 0.01		36.541	  2.41	29.71																										
EGEE 4	st035c01	B	2006-11-30T10:00:00z	  +2.333	 +2.492		   0.3	11	 34.473	4.556	199.20	 0.02		0.066	  0.04	 0.44																										
EGEE 4	st035c01	B	2006-11-30T10:00:00z	  +2.333	 +2.492		  10.0	10	 34.568	4.589	200.50	 0.02		0.127	  0.03	 0.43																										
EGEE 4	st035c01	B	2006-11-30T10:00:00z	  +2.333	 +2.492		  20.0	 9	 35.192	4.772	208.40	 0.01		0.131	  0.01	 0.10																										
EGEE 4	st035c01	B	2006-11-30T10:00:00z	  +2.333	 +2.492		  40.0	 8	 35.333	4.652	203.00	 0.01		0.145	  0.05	 0.00																										
EGEE 4	st035c01	B	2006-11-30T10:00:00z	  +2.333	 +2.492		  60.0	 7	 35.752	3.607	157.00	 0.71		11.105	  0.86	 1.54																										
EGEE 4	st035c01	B	2006-11-30T10:00:00z	  +2.333	 +2.492		  60.0	 6	 35.754	3.535	153.90	 0.56		11.781	  0.90	 1.92																										
EGEE 4	st035c01	B	2006-11-30T10:00:00z	  +2.333	 +2.492		  80.0	 5	 35.709	2.906	126.50	 0.04		16.789	  1.17	 2.99																										
EGEE 4	st035c01	B	2006-11-30T10:00:00z	  +2.333	 +2.492		 100.0	 4	 35.621	2.534	110.30	 0.02		19.124	  1.36	 3.70																										
EGEE 4	st035c01	B	2006-11-30T10:00:00z	  +2.333	 +2.492		 300.0	 3	 35.064			 0.01		32.695	  2.08	10.91																										
EGEE 4	st035c01	B	2006-11-30T10:00:00z	  +2.333	 +2.492		 600.0	 2	 34.554			 0.01		36.138	  2.47	23.66																										
EGEE 4	st035c01	B	2006-11-30T10:00:00z	  +2.333	 +2.492		1012.0	 1	 34.659			 0.02		33.045	  2.39	29.42																										
EGEE 4	st036c01	B	2006-11-30T14:30:00z	  +2.333	 +3.003		   0.4	11		4.562	199.40	 0.00		0.167	  0.01	 0.87																										
EGEE 4	st036c01	B	2006-11-30T14:30:00z	  +2.333	 +3.003		  10.0	10	 34.254	4.580	200.20	 0.01		0.156	  0.01	 0.66																										
EGEE 4	st036c01	B	2006-11-30T14:30:00z	  +2.333	 +3.003		  20.0	 9	 35.065	4.688	204.80	 0.00		0.147	  0.01	 0.40																										
EGEE 4	st036c01	B	2006-11-30T14:30:00z	  +2.333	 +3.003		  40.0	 8	 35.494	4.398	191.90																															
EGEE 4	st036c01	B	2006-11-30T14:30:00z	  +2.333	 +3.003		  40.0	 7	 35.434	4.599	200.70	 0.05		0.719	  0.11	 0.32																										
EGEE 4	st036c01	B	2006-11-30T14:30:00z	  +2.333	 +3.003		  58.0	 6	 35.808	3.252	141.60	 0.66		12.063	  0.95	 2.00																										
EGEE 4	st036c01	B	2006-11-30T14:30:00z	  +2.333	 +3.003		  79.0	 5	 35.730	2.925	127.30	 0.05		15.674	  1.15	 3.04																										
EGEE 4	st036c01	B	2006-11-30T14:30:00z	  +2.333	 +3.003		  98.0	 4	 35.691	2.995	130.40	 0.03		15.715	  1.16	 3.00																										
EGEE 4	st036c01	B	2006-11-30T14:30:00z	  +2.333	 +3.003		 299.0	 3	 35.085	1.446	 62.90	 0.02		31.939	  2.03	 9.35																										
EGEE 4	st036c01	B	2006-11-30T14:30:00z	  +2.333	 +3.003		 599.0	 2	 34.593	2.506	109.00	 0.02		37.960	  2.50	22.41																										
EGEE 4	st036c01	B	2006-11-30T14:30:00z	  +2.333	 +3.003		1003.0	 1	 34.639	3.414	148.50	 0.02		34.808	  2.42	29.49																										
EGEE 4	st037c01	B	2006-11-30T19:00:00z	  +2.334	 +3.495		   0.4	11	 32.256	4.628	202.60	 0.02		0.108	  0.00	 0.33																										
EGEE 4	st037c01	B	2006-11-30T19:00:00z	  +2.334	 +3.495		   9.5	10	 35.061	4.546	198.60	 0.02		0.066	  0.01	 0.00																										
EGEE 4	st037c01	B	2006-11-30T19:00:00z	  +2.334	 +3.495		  20.2	 9	 35.332	4.725	206.30	 0.01		0.256	  0.00	 0.02																										
EGEE 4	st037c01	B	2006-11-30T19:00:00z	  +2.334	 +3.495		  20.2	 8	 35.335	4.738	206.90	 0.02		0.274	  0.00	 0.00																										
EGEE 4	st037c01	B	2006-11-30T19:00:00z	  +2.334	 +3.495		  38.7	 7	 35.415	4.719	205.90	 0.02		0.087	  0.05	 0.11																										
EGEE 4	st037c01	B	2006-11-30T19:00:00z	  +2.334	 +3.495		  59.3	 6	 35.800	2.876	125.20	 0.64		12.897	  1.03	 2.22																										
EGEE 4	st037c01	B	2006-11-30T19:00:00z	  +2.334	 +3.495		  78.6	 5	 35.775	3.275	142.60	 0.46		12.191	  0.97	 2.37																										
EGEE 4	st037c01	B	2006-11-30T19:00:00z	  +2.334	 +3.495		  99.9	 4	 35.711	2.947	128.30	 0.05		15.592	  1.15	 3.35																										
EGEE 4	st037c01	B	2006-11-30T19:00:00z	  +2.334	 +3.495		 301.6	 3	 35.084	1.362	 59.30	 0.01		31.798	  2.07	12.95																										
EGEE 4	st037c01	B	2006-11-30T19:00:00z	  +2.334	 +3.495		 600.0	 2	 34.604	2.359	102.60	 0.00		36.688	  2.54	23.78																										
EGEE 4	st037c01	B	2006-11-30T19:00:00z	  +2.334	 +3.495		1001.5	 1	 34.667	3.512	152.70	 0.02		32.590	  2.35	31.08																										
EGEE 4	st038c01	B	2006-11-30T23:30:00z	  +2.334	 +3.984		   0.5	11	 34.342	4.547	198.80	 0.02		0.159	  0.00	 0.62																										
EGEE 4	st038c01	B	2006-11-30T23:30:00z	  +2.334	 +3.984		  10.0	10	 34.883	4.653	203.30	 0.02		0.180	  0.01	 0.30																										
EGEE 4	st038c01	B	2006-11-30T23:30:00z	  +2.334	 +3.984		  19.0	 9	 35.213	4.672	204.00	 0.02		0.162	  0.02	 0.19																										
EGEE 4	st038c01	B	2006-11-30T23:30:00z	  +2.334	 +3.984		  40.0	 8	 35.655	4.276	186.40	 0.06		1.693	  0.30	 0.54																										
EGEE 4	st038c01	B	2006-11-30T23:30:00z	  +2.334	 +3.984		  60.0	 7	 35.884	2.780	121.00	 0.10		13.164	  1.05	 1.72																										
EGEE 4	st038c01	B	2006-11-30T23:30:00z	  +2.334	 +3.984		  80.0	 6	 35.812	2.747	119.60	 0.06		13.992	  1.13	 2.68																										
EGEE 4	st038c01	B	2006-11-30T23:30:00z	  +2.334	 +3.984		 101.0	 5	 35.698	2.320	100.90	 0.02		17.247	  1.34	 3.80																										
EGEE 4	st038c01	B	2006-11-30T23:30:00z	  +2.334	 +3.984		 496.0	 4	 34.727	1.839	 80.00	 0.04		34.596	  2.44	19.81																										
EGEE 4	st038c01	B	2006-11-30T23:30:00z	  +2.334	 +3.984		1001.0	 3	 34.666	3.496	152.00	 0.02		30.864	  2.34	31.02																										
EGEE 4	st038c01	B	2006-11-30T23:30:00z	  +2.334	 +3.984		1501.0	 2	 34.949	5.075	220.60	 0.02		21.112	  1.59	21.39																										
EGEE 4	st038c01	B	2006-11-30T23:30:00z	  +2.334	 +3.984		2001.0	 1	 34.959	5.490	238.60	 0.02		19.541	  1.49	24.42																										
EGEE 4	st039c01	B	2006-12-01T04:30:00z	  +2.332	 +4.507		   0.5	11	 34.886	4.536	198.20	 0.00		0.156	  0.02	 1.79																										
EGEE 4	st039c01	B	2006-12-01T04:30:00z	  +2.332	 +4.507		   9.0	10	 34.330	4.662	203.80	 0.01		0.206	  0.03	 1.14																										
EGEE 4	st039c01	B	2006-12-01T04:30:00z	  +2.332	 +4.507		   9.0	 9	 34.314	4.657	203.60	 0.02		0.165	  0.03	 1.14																										
EGEE 4	st039c01	B	2006-12-01T04:30:00z	  +2.332	 +4.507		  19.0	 8	 35.300	4.714	205.80	 0.01		0.277	  0.04	 0.73																										
EGEE 4	st039c01	B	2006-12-01T04:30:00z	  +2.332	 +4.507		  39.0	 7	 35.915	3.440	149.90	 0.54		6.885	  0.73	 3.04																										
EGEE 4	st039c01	B	2006-12-01T04:30:00z	  +2.332	 +4.507		  59.0	 6	 35.912	2.899	126.20	 0.09		13.232	  1.01	 3.70																										
EGEE 4	st039c01	B	2006-12-01T04:30:00z	  +2.332	 +4.507		  78.0	 5	 35.844	3.062	133.30	 0.06		13.644	  1.05	 4.24																										
EGEE 4	st039c01	B	2006-12-01T04:30:00z	  +2.332	 +4.507		  98.0	 4	 35.751	2.744	119.40	 0.02		16.219	  1.22	 5.22																										
EGEE 4	st039c01	B	2006-12-01T04:30:00z	  +2.332	 +4.507		 298.0	 3	 35.071	1.201	 52.20	 0.01		32.095	  2.17	13.86																										
EGEE 4	st039c01	B	2006-12-01T04:30:00z	  +2.332	 +4.507		 597.0	 2	 34.595	2.419	105.20	 0.00		36.630	  2.62	25.34																										
EGEE 4	st039c01	B	2006-12-01T04:30:00z	  +2.332	 +4.507		1002.0	 1	 34.672	3.540	153.90	 0.00		32.595	  2.42	30.95																										
EGEE 4	st040c01	B	2006-12-01T08:30:00z	  +2.333	 +5.003		   0.5	11	 32.901	4.554	199.30	 0.01		0.118	  0.01	 1.88																										
EGEE 4	st040c01	B	2006-12-01T08:30:00z	  +2.333	 +5.003		   0.5	10	 32.939	4.551	199.10	 0.01		0.150	  0.01	 1.95																										
EGEE 4	st040c01	B	2006-12-01T08:30:00z	  +2.333	 +5.003		   9.9	 9	 34.886	4.653	203.30	 0.00		0.176	  0.04	 1.49																										
EGEE 4	st040c01	B	2006-12-01T08:30:00z	  +2.333	 +5.003		  20.1	 8	 34.684	4.842	211.60	 0.00		0.165	  0.06	 0.64																										
EGEE 4	st040c01	B	2006-12-01T08:30:00z	  +2.333	 +5.003		  39.9	 7	 35.683	4.223	184.10	 0.05		0.693	  0.31	 1.15																										
EGEE 4	st040c01	B	2006-12-01T08:30:00z	  +2.333	 +5.003		  60.0	 6	 35.930	2.742	119.50	 0.17		13.682	  1.04	 3.04																										
EGEE 4	st040c01	B	2006-12-01T08:30:00z	  +2.333	 +5.003		  79.0	 5	 35.855	3.063	133.40	 0.03		13.295	  1.03	 3.42																										
EGEE 4	st040c01	B	2006-12-01T08:30:00z	  +2.333	 +5.003		 100.0	 4	 35.773	2.558	111.40	 0.02		17.074	  1.25	 5.00																										
EGEE 4	st040c01	B	2006-12-01T08:30:00z	  +2.333	 +5.003		 299.0	 3	 35.086	1.239	 53.90	 0.01		32.012	  2.15	13.10																										
EGEE 4	st040c01	B	2006-12-01T08:30:00z	  +2.333	 +5.003		 600.0	 2	 34.598	2.388	103.90	 0.01		36.707	  2.61	25.86																										
EGEE 4	st040c01	B	2006-12-01T08:30:00z	  +2.333	 +5.003		1000.0	 1	 34.638	3.409	148.30	 0.01		33.471	  2.46	32.01																										
EGEE 4	st041c01	B	2006-12-01T13:30:00z	  +2.349	 +5.513		   0.2	11	 32.769	4.710	206.20	 0.01		0.150	  0.00	 1.16																										
EGEE 4	st041c01	B	2006-12-01T13:30:00z	  +2.349	 +5.513		  10.0	10	 33.637	4.646	203.20	 0.01		0.148	  0.03	 1.58																										
EGEE 4	st041c01	B	2006-12-01T13:30:00z	  +2.349	 +5.513		  20.0	 9	 34.344	4.582	200.20	 0.03		0.145	  0.09	 1.79																										
EGEE 4	st041c01	B	2006-12-01T13:30:00z	  +2.349	 +5.513		  39.0	 8	 35.482	4.280	186.70	 0.05		0.168	  0.22	 1.23																										
EGEE 4	st041c01	B	2006-12-01T13:30:00z	  +2.349	 +5.513		  60.0	 7	 35.896	3.030	132.00	 0.06		14.907	  1.08	 4.29																										
EGEE 4	st041c01	B	2006-12-01T13:30:00z	  +2.349	 +5.513		  80.0	 6	 35.860	2.770	120.60	 0.09		12.022	  0.92	 3.40																										
EGEE 4	st041c01	B	2006-12-01T13:30:00z	  +2.349	 +5.513		  98.0	 5	 35.755	2.446	106.50	 0.17		18.327	  1.28	 6.03																										
EGEE 4	st041c01	B	2006-12-01T13:30:00z	  +2.349	 +5.513		 298.0	 4	 35.083	1.337	 58.20	 0.01		30.823	  2.01	13.47																										
EGEE 4	st041c01	B	2006-12-01T13:30:00z	  +2.349	 +5.513		 599.0	 3	 34.599	2.431	105.70	 0.03		36.042	  2.45	25.25																										
EGEE 4	st041c01	B	2006-12-01T13:30:00z	  +2.349	 +5.513		 599.0	 2	 34.599	2.413	105.00	 0.02		35.991	  2.46	25.12																										
EGEE 4	st041c01	B	2006-12-01T13:30:00z	  +2.349	 +5.513		1002.0	 1	 34.654	3.482	151.40	 0.02		32.829	  2.29	32.70																										
EGEE 4	st042c01	B	2006-12-01T17:30:00z	  +2.350	 +6.046		   0.5	 9				 0.01		0.113	  0.03	 1.46																										
EGEE 4	st042c01	B	2006-12-01T17:30:00z	  +2.350	 +6.046		  10.0	 8				 0.00		0.107	  0.04	 0.58																										
EGEE 4	st042c01	B	2006-12-01T17:30:00z	  +2.350	 +6.046		  20.0	 7				 0.01		0.128	  0.04	 0.00																										
EGEE 4	st042c01	B	2006-12-01T17:30:00z	  +2.350	 +6.046		  40.0	 6				 0.02		1.419	  0.24	 0.76																										
EGEE 4	st042c01	B	2006-12-01T17:30:00z	  +2.350	 +6.046		  59.0	 5				 0.06		13.846	  1.08	 5.24																										
EGEE 4	st042c01	B	2006-12-01T17:30:00z	  +2.350	 +6.046		  80.0	 4				 0.04		15.100	  1.17	 6.16																										
EGEE 4	st042c01	B	2006-12-01T17:30:00z	  +2.350	 +6.046		  94.0	 3				 0.04		15.861	  1.21	 6.16																										
EGEE 4	st042c01	B	2006-12-01T17:30:00z	  +2.350	 +6.046		 299.0	 2				 0.03		33.081	  2.21	14.51																										
EGEE 4	st042c01	B	2006-12-01T17:30:00z	  +2.350	 +6.046		 502.0	 1				 0.03		35.712	  2.44	20.20																										
