//ODV Spreadsheet file : /media/irdcampagnes/PIRATA/PIRATA-FR28/data-processing/CHIMIE/PIRATAFR28_CHIMIE_odv.txt
//Data treated : 2024-02-19T14:10:47
//<InstrumentType>Chemical bottle analysis</InstrumentType>
//<Source>/media/irdcampagnes/PIRATA/PIRATA-FR28/data-processing/CHIMIE/PIRATAFR28_CHIMIE.xlsx</Sources>
//<DataType>Bottles</DataType>
//<Creator>Pierre.Rousselot@ird.fr</Creator>
//
Cruise	Station	Type	yyyy-mm-ddThh:mm:ss	Longitude [degrees_east]	Latitude [degrees_north]	Bot. Depth [m]	DEPTH [m]	Bottle nb	PSAL [Psu]	DOX1 [ml/l]	DOX2 [micromole/kg]	NTIW [micromole/kg]	NTAW+NTIW [micromole/kg]	NTAW [micromole/kg]	PHOW [micromole/kg]	SLCW [micromole/kg]	CHC3 [microgramme/l]	CHCZ [microgramme/l]	PERP [microgramme/l]	BFUP [microgramme/l]	FUCP [microgramme/l]	NEXW [microgramme/l]	PXAP [microgramme/l]	VIOW [microgramme/l]	HFUP [microgramme/l]	DXAP [microgramme/l]	AXAP [microgramme/l]	TXAP [microgramme/l]	ZXAP [microgramme/l]	LUTW [microgramme/l]	CHBD [microgramme/l]	CH2P [microgramme/l]	CHLB [microgramme/l]	AACP [microgramme/l]	BBCP [microgramme/l]	PHEP [microgramme/l]	CHAD [microgramme/l]	CH1P [microgramme/l]	CPHL [microgramme/l]	PHEA [microgramme/l]	CXAP [microgramme/l]	ATXA [microgramme/l]	TEMP [°C]	PHPH [pH unit]	PHTP [°C]	ALKY [micromole/kg]
PIRATA Fr28	st001c01	B	2018-03-01T19:19:38z	 -22.992	+11.481		4070.0	11	34.8972	5.575	242.41	 0.02	 22.400	22.400	  1.40	44.90																															
PIRATA Fr28	st001c01	B	2018-03-01T19:19:38z	 -22.992	+11.481		4067.0	10	34.8959	5.579	242.55	 0.02	 22.400	22.300	  1.41	44.90																															
PIRATA Fr28	st001c01	B	2018-03-01T19:19:38z	 -22.992	+11.481		4068.0	 9	34.8939	5.572	242.23	 0.03	 22.300	22.300	  1.41	44.80																															
PIRATA Fr28	st001c01	B	2018-03-01T19:19:38z	 -22.992	+11.481		4067.0	 8	34.8914	5.575	242.36	 0.03	 22.300	22.300	  1.41	44.80																															
PIRATA Fr28	st001c01	B	2018-03-01T19:19:38z	 -22.992	+11.481		4066.0	 7	34.8898	5.580	242.59	 0.03	 22.400	22.400	  1.41	44.80																															
PIRATA Fr28	st001c01	B	2018-03-01T19:19:38z	 -22.992	+11.481		4064.0	 6	34.8869	5.580	242.55	 0.01	 22.500	22.500	  1.38	44.70																															
PIRATA Fr28	st001c01	B	2018-03-01T19:19:38z	 -22.992	+11.481		4064.0	 5	34.8894	5.571	242.15	 0.06	 22.300	22.300	  1.42	44.90																															
PIRATA Fr28	st001c01	B	2018-03-01T19:19:38z	 -22.992	+11.481		4064.0	 4	34.8892	5.580	242.55	 0.01	 22.400	22.400	  1.42	45.00																															
PIRATA Fr28	st001c01	B	2018-03-01T19:19:38z	 -22.992	+11.481		4062.0	 3	34.8878	5.578	242.46	 0.02	 22.400	22.400	  1.43	45.00																															
PIRATA Fr28	st001c01	B	2018-03-01T19:19:38z	 -22.992	+11.481		4062.0	 2	34.8905	5.568	242.01	 0.01	 22.500	22.500	  1.40	44.70																															
PIRATA Fr28	st001c01	B	2018-03-01T19:19:38z	 -22.992	+11.481		4060.0	 1	34.8881	5.575	242.28	 0.02	 22.500	22.500	  1.42	44.40																															
PIRATA Fr28	st002c01	B	2018-03-04T18:03:25z	 -23.042	 +0.002		   1.1	11	35.7820	4.600	200.82	 0.01	  0.000	0.000	  0.07	 1.00	0.0028	0.0076	0.0116	0.0046	0.0042			0.0018	0.0162	0.0093		0.0008	0.0963		0.0052	0.0083		0.0151			0.0585	0.0918									
PIRATA Fr28	st002c01	B	2018-03-04T18:03:25z	 -23.042	 +0.002		  19.8	10	36.0448	4.669	203.76	 0.01	  0.000	0.000	  0.08	 1.04	0.0049	0.0093	0.0085	0.0057	0.0053			0.0011	0.0227	0.0080		0.0008	0.0976		0.0070	0.0098		0.0149			0.0660	0.0954									
PIRATA Fr28	st002c01	B	2018-03-04T18:03:25z	 -23.042	 +0.002		  40.5	 9	36.1286	4.466	194.83	 0.01	  0.010	0.000	  0.10	 1.30	0.0191	0.0303	0.0162	0.0226	0.0086	0.0041	0.0053	0.0045	0.0651	0.0091	0.0036		0.1534		0.0269	0.0697		0.0563			0.1991	0.2636		0.0045							
PIRATA Fr28	st002c01	B	2018-03-04T18:03:25z	 -23.042	 +0.002		  59.0	 8	36.4723	4.116	179.39	 0.27	  2.250	1.970	  0.27	 1.59	0.0646	0.0685	0.0144	0.0854	0.0263	0.0088	0.0072	0.0042	0.1208	0.0095	0.0135		0.0570		0.1376	0.1753		0.0661			0.1850	0.3927		0.0060							
PIRATA Fr28	st002c01	B	2018-03-04T18:03:25z	 -23.042	 +0.002		  80.0	 7	36.0217	3.985	173.54	 0.06	  8.610	8.550	  0.64	 3.32	0.0237	0.0168		0.0378	0.0071				0.0407	0.0028			0.0124		0.0711	0.0354		0.0238			0.0537	0.1063		0.0025							
PIRATA Fr28	st002c01	B	2018-03-04T18:03:25z	 -23.042	 +0.002		 100.8	 6	35.6465	3.853	167.74	 0.04	 12.500	12.400	  0.84	 4.85	0.0119	0.0065		0.0166	0.0035				0.0231	0.0014			0.0034		0.0236	0.0157		0.0095			0.0154	0.0517									
PIRATA Fr28	st002c01	B	2018-03-04T18:03:25z	 -23.042	 +0.002		 403.0	 5	34.7647	2.425	105.50																																				
PIRATA Fr28	st002c01	B	2018-03-04T18:03:25z	 -23.042	 +0.002		 805.5	 4	34.5229	2.358	102.57																																				
PIRATA Fr28	st002c01	B	2018-03-04T18:03:25z	 -23.042	 +0.002		1212.0	 3	34.8237	4.176	181.56																																				
PIRATA Fr28	st002c01	B	2018-03-04T18:03:25z	 -23.042	 +0.002		2021.0	 2	34.9709	5.745	249.75																																				
PIRATA Fr28	st002c01	B	2018-03-04T18:03:25z	 -23.042	 +0.002		2021.0	 1	34.9671	5.754	250.11																																				
PIRATA Fr28	st003c01	B	2018-03-09T05:54:17z	 -10.000	 -9.904		   1.0	11	36.5272	4.777	208.32	 0.01	  0.020	0.010	  0.17	 1.07	0.0029	0.0045		0.0037	0.0032				0.0138	0.0029			0.0638		0.0030	0.0032		0.0112			0.0384	0.0461									
PIRATA Fr28	st003c01	B	2018-03-09T05:54:17z	 -10.000	 -9.904		  19.0	10	36.5356	4.621	201.51	 0.01	  0.020	0.010	  0.16	 1.10	0.0026	0.0041		0.0038	0.0030				0.0133	0.0028			0.0598		0.0031	0.0029		0.0090			0.0351	0.0453									
PIRATA Fr28	st003c01	B	2018-03-09T05:54:17z	 -10.000	 -9.904		  40.0	 9	36.5397	4.667	203.51	 0.01	  0.010	0.000	  0.16	 1.10	0.0035	0.0048		0.0041	0.0029				0.0153	0.0029			0.0547		0.0029	0.0032		0.0086			0.0323	0.0473									
PIRATA Fr28	st003c01	B	2018-03-09T05:54:17z	 -10.000	 -9.904		  60.0	 8	36.5624	4.989	217.46	 0.01	  0.020	0.010	  0.18	 1.12	0.0154	0.0215	0.0050	0.0224	0.0049				0.0569	0.0050			0.1095		0.0086	0.0412		0.0240			0.1108	0.1408		0.0021							
PIRATA Fr28	st003c01	B	2018-03-09T05:54:17z	 -10.000	 -9.904		  80.0	 7	36.6146	4.807	209.34	 0.04	  0.620	0.580	  0.26	 1.40	0.0465	0.0530	0.0171	0.0685	0.0113	0.0090	0.0056		0.1399	0.0085	0.0017		0.1004		0.0148	0.1297		0.0357			0.1462	0.3078		0.0026							
PIRATA Fr28	st003c01	B	2018-03-09T05:54:17z	 -10.000	 -9.904		 102.0	 6	36.0055	3.381	147.21	 0.28	 12.100	11.800	  0.84	 3.44	0.0444	0.0379	0.0033	0.0802	0.0131	0.0105	0.0040		0.0781	0.0048			0.0408		0.1083	0.0953		0.0369			0.1048	0.2253		0.0046							
PIRATA Fr28	st003c01	B	2018-03-09T05:54:17z	 -10.000	 -9.904		 403.0	 5	34.7180	1.869	 81.31																																				
PIRATA Fr28	st003c01	B	2018-03-09T05:54:17z	 -10.000	 -9.904		 806.0	 4	34.5057	3.055	132.85																																				
PIRATA Fr28	st003c01	B	2018-03-09T05:54:17z	 -10.000	 -9.904		1213.0	 3	34.7284	3.981	173.11																																				
PIRATA Fr28	st003c01	B	2018-03-09T05:54:17z	 -10.000	 -9.904		1213.0	 2	34.7295	3.999	173.85																																				
PIRATA Fr28	st003c01	B	2018-03-09T05:54:17z	 -10.000	 -9.904		2021.0	 1	34.9271	5.422	235.66																																				
PIRATA Fr28	st004c01	B	2018-03-13T03:05:26z	  +5.000	 -6.633		   1.3	11	34.7670	4.540	198.30	 0.00	  0.020	0.020	  0.06	 1.87	0.0058	0.0147	0.0028	0.0166	0.0200				0.0247	0.0094			0.0669		0.0045	0.0079			0.0256		0.0478	0.2292		0.0037							
PIRATA Fr28	st004c01	B	2018-03-13T03:05:26z	  +5.000	 -6.633		  19.5	10	35.9960	4.786	208.79	 0.00	  0.000	0.000	  0.13	 1.48	0.0064	0.0114	0.0044	0.0089	0.0098				0.0277	0.0054			0.0778		0.0090	0.0113		0.0209			0.0787	0.1260		0.0037							
PIRATA Fr28	st004c01	B	2018-03-13T03:05:26z	  +5.000	 -6.633		  39.4	 9	35.8059	3.317	144.50	 0.24	 11.900	11.700	  0.85	 3.86	0.0493	0.0592	0.0158	0.0596	0.0233	0.0100		0.0058	0.1247	0.0088			0.1348		0.0931	0.1484		0.0580			0.1712	0.3593		0.0061							
PIRATA Fr28	st004c01	B	2018-03-13T03:05:26z	  +5.000	 -6.633		  60.0	 8	35.7372	2.509	109.27	 0.41	 18.000	17.600	  1.15	 5.14	0.0545	0.0424	0.0047	0.0613	0.0346	0.0058	0.0064	0.0017	0.0938	0.0067			0.0388		0.0893	0.0938		0.0355			0.0921	0.2912		0.0051							
PIRATA Fr28	st004c01	B	2018-03-13T03:05:26z	  +5.000	 -6.633		  82.2	 7	35.6610	1.902	 82.83	 0.00	 21.800	21.800	  1.36	 6.48	0.0290	0.0202	0.0025	0.0329	0.0232		0.0030		0.0422	0.0035			0.0131		0.0687	0.0484		0.0224			0.0467	0.1319									
PIRATA Fr28	st004c01	B	2018-03-13T03:05:26z	  +5.000	 -6.633		 100.4	 6	35.5831	2.241	 97.57	 0.00	 21.100	21.100	  1.31	 6.83	0.0126	0.0090	0.0024	0.0175	0.0091				0.0245	0.0018	0.0012		0.0034		0.0214	0.0161		0.0082			0.0125	0.0643									
PIRATA Fr28	st004c01	B	2018-03-13T03:05:26z	  +5.000	 -6.633		 504.0	 5	34.7006	1.404	 61.11																																				
PIRATA Fr28	st004c01	B	2018-03-13T03:05:26z	  +5.000	 -6.633		1007.8	 4	34.5930	3.257	141.73																																				
PIRATA Fr28	st004c01	B	2018-03-13T03:05:26z	  +5.000	 -6.633		2021.0	 3	34.9423	5.383	234.13																																				
PIRATA Fr28	st004c01	B	2018-03-13T03:05:26z	  +5.000	 -6.633		3041.0	 2	34.9062	5.374	233.70																																				
PIRATA Fr28	st004c01	B	2018-03-13T03:05:26z	  +5.000	 -6.633		4061.7	 1	34.8861	5.095	221.57																																				
PIRATA Fr28	st005c01	B	2018-03-14T04:40:27z	  +7.996	 -6.001		   2.7	10	33.1493	4.471	195.60	 0.00	  0.000	0.040	  0.04	 3.74	0.0056	0.0090	0.0044	0.0039	0.0111				0.0241	0.0051			0.0504		0.0053	0.0110			0.0159		0.0346	0.1269									
PIRATA Fr28	st005c01	B	2018-03-14T04:40:27z	  +7.996	 -6.001		  40.0	 9	35.9040	2.928	127.55	 0.21	 13.300	13.100	  0.88	 3.81	0.0224	0.0290	0.0141	0.0161	0.0210				0.0645	0.0090			0.0910		0.0346	0.0561		0.0414			0.1278	0.2535									
PIRATA Fr28	st005c01	B	2018-03-14T04:40:27z	  +7.996	 -6.001		  60.0	 8	35.9453	2.924	127.33	 0.00	 14.200	14.200	  0.91	 4.47	0.0424	0.0309	0.0067	0.0144	0.0641	0.0055	0.0129		0.0473	0.0056	0.0020		0.0182		0.0444	0.0776		0.0206			0.0441	0.2403									
PIRATA Fr28	st005c01	B	2018-03-14T04:40:27z	  +7.996	 -6.001		  79.0	 7	35.9528	2.956	128.71	 0.00	 14.200	14.200	  0.93	 4.93	0.0224	0.0163		0.0136	0.0393		0.0050		0.0296	0.0029			0.0084		0.0395	0.0358		0.0142			0.0300	0.1127									
PIRATA Fr28	st005c01	B	2018-03-14T04:40:27z	  +7.996	 -6.001		 101.0	 6	35.8293	2.547	110.89	 0.00	 16.900	16.900	  1.12	 6.25	0.0151	0.0102		0.0105	0.0224		0.0039		0.0277	0.0020			0.0032		0.0217	0.0156		0.0082			0.0129	0.0703									
PIRATA Fr28	st005c01	B	2018-03-14T04:40:27z	  +7.996	 -6.001		 402.0	 5	34.8588	0.815	 35.47																																				
PIRATA Fr28	st005c01	B	2018-03-14T04:40:27z	  +7.996	 -6.001		 806.0	 4	34.5166	2.733	118.88																																				
PIRATA Fr28	st005c01	B	2018-03-14T04:40:27z	  +7.996	 -6.001		 806.0	 3	34.5166	2.749	119.58																																				
PIRATA Fr28	st005c01	B	2018-03-14T04:40:27z	  +7.996	 -6.001		1211.0	 2	34.7592	3.972	172.72																																				
PIRATA Fr28	st005c01	B	2018-03-14T04:40:27z	  +7.996	 -6.001		2022.0	 1	34.9450	5.393	234.41																																				
PIRATA Fr28	st006c01	B	2018-03-14T09:40:00z	  +7.971	 -6.067		   1.5	 8	33.1581			 0.02	  0.000	0.000	  0.03	 3.77																															
PIRATA Fr28	st006c01	B	2018-03-14T09:40:00z	  +7.971	 -6.067		   9.6	 7	33.4702			 0.01	  0.000	0.000	  0.03	 3.58																															
PIRATA Fr28	st006c01	B	2018-03-14T09:40:00z	  +7.971	 -6.067		  19.2	 6	35.9427			 0.01	  0.230	0.220	  0.22	 2.15	0.0013			0.0019	0.0034											0.0000						0.0170									
PIRATA Fr28	st006c01	B	2018-03-14T09:40:00z	  +7.971	 -6.067		  30.6	 5	35.9062			 0.70	 10.500	9.800	  0.74	 3.38																															
PIRATA Fr28	st006c01	B	2018-03-14T09:40:00z	  +7.971	 -6.067		  40.0	 4									0.0411	0.0330	0.0105	0.0214	0.0738		0.0076		0.0488	0.0053	0.0024		0.0166		0.0631	0.0599		0.0258			0.0432	0.2334									
PIRATA Fr28	st006c01	B	2018-03-14T09:40:00z	  +7.971	 -6.067		  40.0	 3																																							
PIRATA Fr28	st006c01	B	2018-03-14T09:40:00z	  +7.971	 -6.067		  40.0	 2																																							
PIRATA Fr28	st006c01	B	2018-03-14T09:40:00z	  +7.971	 -6.067		  50.2	 1	35.9537			 0.05	 15.200	15.100	  0.98	 4.57																															
PIRATA Fr28	st007c01	B	2018-03-15T08:53:20z	 +11.247	 -4.950		   2.0	 9	32.0149	4.480	196.18	 0.01	  0.000	0.000	  0.05	10.00	0.0203	0.0338	0.0239	0.0079	0.0819		0.0049		0.0344	0.0113			0.0511			0.0277			0.0275		0.0159	0.3651									
PIRATA Fr28	st007c01	B	2018-03-15T08:53:20z	 +11.247	 -4.950		   9.9	 8				 0.01	  0.000	0.000	  0.07	 4.12	0.0300	0.0396	0.0216	0.0108	0.0915		0.0067		0.0472	0.0099			0.0775		0.0109	0.0419			0.0424		0.0520	0.4566									
PIRATA Fr28	st007c01	B	2018-03-15T08:53:20z	 +11.247	 -4.950		  19.7	 7	35.1073			 0.06	  0.100	0.040	  0.09	 1.85	0.0419	0.0399	0.0157	0.0099	0.1006		0.0072		0.0432	0.0068	0.0031		0.0479			0.0386			0.0303		0.0060	0.4276									
PIRATA Fr28	st007c01	B	2018-03-15T08:53:20z	 +11.247	 -4.950		  40.0	 6				 0.15	  1.250	1.100	  0.26	 1.85	0.0333	0.0276	0.0055	0.0084	0.0847		0.0075		0.0212	0.0043	0.0026		0.0110			0.0367			0.0137		0.0066	0.2342									
PIRATA Fr28	st007c01	B	2018-03-15T08:53:20z	 +11.247	 -4.950		  60.2	 5				 0.05	  7.580	7.530	  0.62	 3.41	0.0223	0.0170	0.0044	0.0095	0.0536		0.0036		0.0171	0.0035			0.0027			0.0257			0.0049			0.1243									
PIRATA Fr28	st007c01	B	2018-03-15T08:53:20z	 +11.247	 -4.950		  79.0	 4				 0.03	 10.400	10.400	  0.72	 3.29	0.0066	0.0027		0.0028	0.0123		0.0009		0.0042	0.0009			0.0021		0.0031	0.0054		0.0029				0.0359									
PIRATA Fr28	st007c01	B	2018-03-15T08:53:20z	 +11.247	 -4.950		 100.3	 3				 0.02	 12.800	12.800	  0.90	 3.59	0.0033	0.0017		0.0015	0.0106				0.0021	0.0007			0.0022			0.0000			0.0018			0.0254									
PIRATA Fr28	st007c01	B	2018-03-15T08:53:20z	 +11.247	 -4.950		 402.3	 2	34.7986	1.039	 45.20																																				
PIRATA Fr28	st007c01	B	2018-03-15T08:53:20z	 +11.247	 -4.950		 704.0	 1	34.5387	2.765	120.24																																				
PIRATA Fr28	st008c01	B	2018-03-15T10:35:40z	 +11.332	 -4.916		   1.3	11	32.3387	4.480	196.14						0.0125	0.0259	0.0245	0.0040	0.0344	0.0013	0.0035	0.0016	0.0359	0.0134	0.0013	0.0011	0.0428			0.0155			0.0194		0.0097	0.2613		0.0036							
PIRATA Fr28	st008c01	B	2018-03-15T10:35:40z	 +11.332	 -4.916		   9.5	 7																																							
PIRATA Fr28	st008c01	B	2018-03-15T10:35:40z	 +11.332	 -4.916		  19.5	 6																																							
PIRATA Fr28	st008c01	B	2018-03-15T10:35:40z	 +11.332	 -4.916		  40.0	 5	35.8122	4.097	178.61																																				
PIRATA Fr28	st008c01	B	2018-03-15T10:35:40z	 +11.332	 -4.916		  60.0	 4																																							
PIRATA Fr28	st008c01	B	2018-03-15T10:35:40z	 +11.332	 -4.916		  80.0	 3																																							
PIRATA Fr28	st008c01	B	2018-03-15T10:35:40z	 +11.332	 -4.916		 100.8	 2																																							
PIRATA Fr28	st008c01	B	2018-03-15T10:35:40z	 +11.332	 -4.916		 281.0	 1	30.2066	1.495	 65.29																																				
PIRATA Fr28	st009c01	B	2018-03-15T23:01:02z	 +11.001	 -4.999		   1.9	11	28.7689	4.542	199.40	 0.03	  0.010	0.000	  0.04	20.60	0.0138	0.0236	0.0082	0.0026	0.0791		0.0074		0.0269	0.0122	0.0015	0.0009	0.0400			0.0074			0.0172			0.2653									
PIRATA Fr28	st009c01	B	2018-03-15T23:01:02z	 +11.001	 -4.999		   9.8	10	34.1630	4.547	198.76	 0.02	  0.000	0.000	  0.06	 2.99																															
PIRATA Fr28	st009c01	B	2018-03-15T23:01:02z	 +11.001	 -4.999		  20.2	 9	34.7683	4.569	199.58	 0.03	  0.020	0.000	  0.08	 1.79	0.0367	0.0376	0.0149	0.0103	0.0708	0.0024	0.0109		0.0652	0.0095	0.0053		0.0445		0.0102	0.0340			0.0298		0.0479	0.3562		0.0049							
PIRATA Fr28	st009c01	B	2018-03-15T23:01:02z	 +11.001	 -4.999		  40.2	 8	35.7276	4.142	180.63	 0.38	  1.230	0.850	  0.28	 1.87	0.0266	0.0242	0.0113	0.0071	0.0589	0.0026	0.0098		0.0266	0.0054	0.0039		0.0130		0.0076	0.0379			0.0136		0.0088	0.2098		0.0041							
PIRATA Fr28	st009c01	B	2018-03-15T23:01:02z	 +11.001	 -4.999		  60.5	 7	35.9226	3.223	140.41	 0.12	 10.000	9.850	  0.71	 3.25	0.0242	0.0178	0.0073	0.0106	0.0524	0.0022	0.0073		0.0275	0.0047	0.0014		0.0068		0.0095	0.0279		0.0088			0.0085	0.1413									
PIRATA Fr28	st009c01	B	2018-03-15T23:01:02z	 +11.001	 -4.999		  80.9	 6	35.9246	2.982	129.90	 0.08	 12.800	12.700	  0.86	 3.98	0.0153	0.0118	0.0051	0.0079	0.0285	0.0019	0.0058		0.0239	0.0028			0.0066		0.0269	0.0210		0.0101			0.0151	0.0846									
PIRATA Fr28	st009c01	B	2018-03-15T23:01:02z	 +11.001	 -4.999		 101.6	 5	35.9721	2.967	129.22	 0.04	 13.400	13.400	  0.90	 4.28	0.0114	0.0084	0.0040	0.0056	0.0239		0.0012		0.0124	0.0020			0.0040		0.0106	0.0087		0.0048			0.0054	0.0586									
PIRATA Fr28	st009c01	B	2018-03-15T23:01:02z	 +11.001	 -4.999		 402.9	 4	34.7903	1.128	 49.07																																				
PIRATA Fr28	st009c01	B	2018-03-15T23:01:02z	 +11.001	 -4.999		1211.0	 3	34.7681	3.890	169.16																																				
PIRATA Fr28	st009c01	B	2018-03-15T23:01:02z	 +11.001	 -4.999		1210.9	 2	34.7689	3.886	169.00																																				
PIRATA Fr28	st009c01	B	2018-03-15T23:01:02z	 +11.001	 -4.999		1614.0	 1	34.9487	5.144	223.64																																				
PIRATA Fr28	st010c01	B	2018-03-16T02:59:50z	 +10.666	 -5.167		   2.2	10	27.2964	4.607	202.52	 0.04	  0.000	0.000	  0.03	30.70	0.0148	0.0374	0.0104	0.0012	0.1302		0.0087		0.0128	0.0154	0.0068		0.0495			0.0157			0.0240			0.3877									
PIRATA Fr28	st010c01	B	2018-03-16T02:59:50z	 +10.666	 -5.167		   9.8	 9	33.1412	4.441	194.30	 0.02	  0.010	0.000	  0.04	 5.08	0.0242	0.0350	0.0159	0.0069	0.0878		0.0105		0.0423	0.0122	0.0026		0.0782		0.0119	0.0355			0.0411		0.0710	0.4252									
PIRATA Fr28	st010c01	B	2018-03-16T02:59:50z	 +10.666	 -5.167		  20.2	 8	34.7283	4.525	197.70	 0.02	  0.000	0.000	  0.08	 2.00	0.0304	0.0360	0.0224	0.0085	0.0676		0.0126		0.0546	0.0098	0.0044		0.0578		0.0119	0.0297			0.0348		0.0659	0.3651		0.0049							
PIRATA Fr28	st010c01	B	2018-03-16T02:59:50z	 +10.666	 -5.167		  40.4	 7	35.9156	3.997	174.22	 0.53	  1.800	1.270	  0.34	 1.95	0.0154	0.0163	0.0080	0.0058	0.0038	0.0024	0.0106		0.0190	0.0037	0.0030		0.0089		0.0067	0.0382			0.0098		0.0111	0.1560		0.0034							
PIRATA Fr28	st010c01	B	2018-03-16T02:59:50z	 +10.666	 -5.167		  60.4	 6	35.9449	3.224	140.44	 0.24	 10.200	10.000	  0.77	 2.90	0.0162	0.0150	0.0061	0.0081	0.0353	0.0021	0.0093		0.0185	0.0033	0.0018		0.0074		0.0096	0.0356		0.0079			0.0119	0.1326									
PIRATA Fr28	st010c01	B	2018-03-16T02:59:50z	 +10.666	 -5.167		  79.7	 5	35.9128	3.003	130.80	 0.17	 12.800	12.600	  0.89	 4.03	0.0206	0.0163		0.0101	0.0359		0.0040		0.0252	0.0039	0.0016		0.0098		0.0384	0.0244		0.0131			0.0266	0.1117									
PIRATA Fr28	st010c01	B	2018-03-16T02:59:50z	 +10.666	 -5.167		 100.6	 4	35.9051	2.767	120.46	 0.08	 14.800	14.700	  0.99	 5.28	0.0184	0.0132		0.0118	0.0283		0.0030		0.0298	0.0031			0.0069		0.0341	0.0193		0.0124			0.0219	0.0974									
PIRATA Fr28	st010c01	B	2018-03-16T02:59:50z	 +10.666	 -5.167		 402.4	 3	34.7957	1.147	 49.92																																				
PIRATA Fr28	st010c01	B	2018-03-16T02:59:50z	 +10.666	 -5.167		 402.1	 2	34.7962	1.150	 50.02																																				
PIRATA Fr28	st010c01	B	2018-03-16T02:59:50z	 +10.666	 -5.167		2022.0	 1	34.9462	5.465	237.55																																				
PIRATA Fr28	st011c01	B	2018-03-19T20:25:18z	  +0.009	 +0.035		   2.0	 9	34.3684	4.473	195.55	 0.02	  0.000	0.000	  0.04	 0.84																															
PIRATA Fr28	st011c01	B	2018-03-19T20:25:18z	  +0.009	 +0.035		  10.3	 8	34.3680	4.509	197.10																																				
PIRATA Fr28	st011c01	B	2018-03-19T20:25:18z	  +0.009	 +0.035		  20.3	 7	34.3747	4.493	196.41	 0.02	  0.040	0.020	  0.06	 0.86																															
PIRATA Fr28	st011c01	B	2018-03-19T20:25:18z	  +0.009	 +0.035		  40.0	 6	36.0518	4.638	202.31	 0.02	  0.000	0.000	  0.14	 0.93																															
PIRATA Fr28	st011c01	B	2018-03-19T20:25:18z	  +0.009	 +0.035		  60.7	 5	36.2271	3.960	172.55	 0.53	  3.800	3.270	  0.41	 1.86																															
PIRATA Fr28	st011c01	B	2018-03-19T20:25:18z	  +0.009	 +0.035		  81.1	 4	36.0789	3.664	159.56	 0.24	  9.380	9.140	  0.71	 3.42																															
PIRATA Fr28	st011c01	B	2018-03-19T20:25:18z	  +0.009	 +0.035		 101.0	 3	35.7803	3.675	160.00	 0.06	 11.800	11.700	  0.83	 4.57																															
PIRATA Fr28	st011c01	B	2018-03-19T20:25:18z	  +0.009	 +0.035		 302.7	 2	35.0181	1.630	 70.94																																				
PIRATA Fr28	st011c01	B	2018-03-19T20:25:18z	  +0.009	 +0.035		 504.2	 1	34.5794	2.859	124.35																																				
PIRATA Fr28	st012c01	B	2018-03-21T00:56:47z	  -0.000	 +1.001		   2.0	11	34.4429	4.457	194.85	 0.02	  0.000	0.000	  0.04	 1.02	0.0206	0.0143		0.0396	0.0087				0.0345	0.0026			0.0088		0.0549	0.0275		0.0188			0.0387	0.1201									
PIRATA Fr28	st012c01	B	2018-03-21T00:56:47z	  -0.000	 +1.001		  19.8	10	34.4425	4.461	195.00	 0.02	  0.000	0.000	  0.03	 1.07	0.0329	0.0247		0.0604	0.0161	0.0037	0.0059		0.0445	0.0051			0.0182		0.0669	0.0769		0.0254			0.0511	0.1913									
PIRATA Fr28	st012c01	B	2018-03-21T00:56:47z	  -0.000	 +1.001		  40.0	 9	34.4646	4.466	195.21	 0.02	  0.000	0.000	  0.04	 1.06	0.1150	0.1025	0.0156	0.1311	0.0401	0.0368	0.0431		0.2444	0.0185	0.0051		0.0761		0.0796	0.3782		0.0719			0.1658	0.8503									
PIRATA Fr28	st012c01	B	2018-03-21T00:56:47z	  -0.000	 +1.001		  60.5	 8	35.9991	3.803	165.73	 0.31	  5.090	4.780	  0.42	 1.86	0.0140	0.0201	0.0091	0.0129	0.0064			0.0022	0.0446	0.0073	0.0023		0.1091		0.0100	0.0166		0.0260			0.0901	0.1581									
PIRATA Fr28	st012c01	B	2018-03-21T00:56:47z	  -0.000	 +1.001		  80.0	 7	36.0245	3.321	144.69	 0.40	 10.700	10.300	  0.71	 3.47	0.0058	0.0097	0.0046	0.0066	0.0046			0.0017	0.0165	0.0059			0.0855		0.0056	0.0081		0.0150			0.0489	0.0741									
PIRATA Fr28	st012c01	B	2018-03-21T00:56:47z	  -0.000	 +1.001		 100.4	 6	35.7197	2.893	125.98	 0.07	 16.200	16.100	  1.04	 5.71	0.0052	0.0087	0.0042	0.0054	0.0042			0.0017	0.0160	0.0059			0.0901		0.0057	0.0076		0.0149			0.0486	0.0663									
PIRATA Fr28	st012c01	B	2018-03-21T00:56:47z	  -0.000	 +1.001		 402.0	 5	34.7585	2.313	100.63																																				
PIRATA Fr28	st012c01	B	2018-03-21T00:56:47z	  -0.000	 +1.001		 401.8	 4	34.7555	2.326	101.23																																				
PIRATA Fr28	st012c01	B	2018-03-21T00:56:47z	  -0.000	 +1.001		 806.2	 3	34.5335	3.249	141.31																																				
PIRATA Fr28	st012c01	B	2018-03-21T00:56:47z	  -0.000	 +1.001		1209.4	 2	34.8499	4.274	185.85																																				
PIRATA Fr28	st012c01	B	2018-03-21T00:56:47z	  -0.000	 +1.001		2021.0	 1	34.9612	5.697	247.67																																				
PIRATA Fr28	st013c01	B	2018-03-21T05:36:24z	  -0.000	 +0.501		   3.0	11	34.4914	4.464	195.11	 0.03	  0.000	0.000	  0.03	 1.00																															
PIRATA Fr28	st013c01	B	2018-03-21T05:36:24z	  -0.000	 +0.501		  20.0	10	34.4911	4.457	194.80	 0.01	 -0.010	0.000	  0.02	 1.00																															
PIRATA Fr28	st013c01	B	2018-03-21T05:36:24z	  -0.000	 +0.501		  40.0	 9	35.2565	4.653	203.15	 0.01	 -0.010	0.000	  0.06	 0.84																															
PIRATA Fr28	st013c01	B	2018-03-21T05:36:24z	  -0.000	 +0.501		  62.0	 8	36.1799	3.932	171.39	 0.46	  3.860	3.400	  0.39	 1.79																															
PIRATA Fr28	st013c01	B	2018-03-21T05:36:24z	  -0.000	 +0.501		  80.0	 7	36.1979	3.766	164.05	 0.39	  7.560	7.170	  0.59	 2.94																															
PIRATA Fr28	st013c01	B	2018-03-21T05:36:24z	  -0.000	 +0.501		 101.0	 6	35.8267	3.380	147.16	 0.12	 12.600	12.500	  0.88	 4.84																															
PIRATA Fr28	st013c01	B	2018-03-21T05:36:24z	  -0.000	 +0.501		 101.0	 5	35.8282	3.367	146.62																																				
PIRATA Fr28	st013c01	B	2018-03-21T05:36:24z	  -0.000	 +0.501		 403.0	 4	34.7747	2.097	 91.22																																				
PIRATA Fr28	st013c01	B	2018-03-21T05:36:24z	  -0.000	 +0.501		 807.0	 3	34.5196	3.266	142.06																																				
PIRATA Fr28	st013c01	B	2018-03-21T05:36:24z	  -0.000	 +0.501		1211.0	 2	34.8406	4.228	183.86																																				
PIRATA Fr28	st013c01	B	2018-03-21T05:36:24z	  -0.000	 +0.501		2024.0	 1	34.9589	5.665	246.27																																				
PIRATA Fr28	st014c01	B	2018-03-21T10:19:34z	  -0.001	 +0.002		   2.0	11	34.3945	4.503	196.87	 0.02	  0.020	0.000	  0.01	 0.79	0.0203	0.0152		0.0311	0.0070				0.0308	0.0030			0.0081		0.0448	0.0287		0.0151			0.0365	0.0890									
PIRATA Fr28	st014c01	B	2018-03-21T10:19:34z	  -0.001	 +0.002		  20.4	10	34.3920	4.457	194.86	 0.01	  0.010	0.000	  0.02	 0.84	0.0284	0.0256	0.0034	0.0447	0.0129	0.0017	0.0017		0.0471	0.0052			0.0300		0.0487	0.0433		0.0223			0.0526	0.1739									
PIRATA Fr28	st014c01	B	2018-03-21T10:19:34z	  -0.001	 +0.002		  40.3	 9	34.4340	4.473	195.53	 0.01	  0.000	0.000	  0.04	 0.84	0.0372	0.0472	0.0091	0.0360	0.0172	0.0023	0.0021	0.0022	0.1192	0.0109			0.1099		0.0362	0.0754		0.0520			0.1883	0.3755									
PIRATA Fr28	st014c01	B	2018-03-21T10:19:34z	  -0.001	 +0.002		  60.1	 8	36.2113	4.447	193.93	 0.01	  0.000	0.000	  0.16	 1.29	0.0084	0.0158	0.0040	0.0082	0.0052			0.0021	0.0296	0.0077			0.0803		0.0093	0.0215		0.0180			0.0729	0.1405									
PIRATA Fr28	st014c01	B	2018-03-21T10:19:34z	  -0.001	 +0.002		  80.7	 7	36.0774	3.622	157.78	 0.23	  9.340	9.110	  0.68	 3.50	0.0057	0.0112	0.0031	0.0059	0.0040			0.0019	0.0214	0.0094			0.0757		0.0081	0.0179		0.0147			0.0619	0.1093									
PIRATA Fr28	st014c01	B	2018-03-21T10:19:34z	  -0.001	 +0.002		  80.7	 6	36.0719	3.631	158.13																																				
PIRATA Fr28	st014c01	B	2018-03-21T10:19:34z	  -0.001	 +0.002		 101.9	 5	35.7674	3.697	161.00	 0.06	 11.800	11.800	  0.83	 4.59	0.0059	0.0099	0.0022	0.0051	0.0033			0.0017	0.0189	0.0095		0.0014	0.0781			0.0000		0.0143			0.0700	0.0970									
PIRATA Fr28	st014c01	B	2018-03-21T10:19:34z	  -0.001	 +0.002		 403.0	 4	34.7474	2.207	 96.04																																				
PIRATA Fr28	st014c01	B	2018-03-21T10:19:34z	  -0.001	 +0.002		 806.9	 3	34.5132	3.266	142.10																																				
PIRATA Fr28	st014c01	B	2018-03-21T10:19:34z	  -0.001	 +0.002		1210.6	 2	34.7934	4.042	175.79																																				
PIRATA Fr28	st014c01	B	2018-03-21T10:19:34z	  -0.001	 +0.002		2021.5	 1	34.9594	5.687	247.27																																				
PIRATA Fr28	st015c01	B	2018-03-21T15:49:34z	  +0.000	 -0.500		   2.0	11	34.3646	4.477	195.79	 0.01	  0.010	0.000	  0.01	 0.84																															
PIRATA Fr28	st015c01	B	2018-03-21T15:49:34z	  +0.000	 -0.500		  20.0	10	34.3699	3.456	151.14	 0.01	  0.030	0.020	  0.02	 0.78																															
PIRATA Fr28	st015c01	B	2018-03-21T15:49:34z	  +0.000	 -0.500		  40.0	 9	35.9281	4.638	202.45	 0.01	  0.030	0.020	  0.09	 0.92																															
PIRATA Fr28	st015c01	B	2018-03-21T15:49:34z	  +0.000	 -0.500		  60.0	 8	36.1966	4.359	190.11	 0.03	  0.070	0.040	  0.23	 1.59																															
PIRATA Fr28	st015c01	B	2018-03-21T15:49:34z	  +0.000	 -0.500		  60.0	 7	36.1944	4.322	188.50																																				
PIRATA Fr28	st015c01	B	2018-03-21T15:49:34z	  +0.000	 -0.500		  80.5	 6	35.9719	3.291	143.36	 0.30	 11.800	11.500	  0.83	 4.01																															
PIRATA Fr28	st015c01	B	2018-03-21T15:49:34z	  +0.000	 -0.500		 101.0	 5	35.7773	3.452	150.33	 0.08	 13.000	12.900	  0.91	 4.80																															
PIRATA Fr28	st015c01	B	2018-03-21T15:49:34z	  +0.000	 -0.500		 403.0	 4	34.7848	1.871	 81.40																																				
PIRATA Fr28	st015c01	B	2018-03-21T15:49:34z	  +0.000	 -0.500		 806.0	 3	34.5027	3.360	146.17																																				
PIRATA Fr28	st015c01	B	2018-03-21T15:49:34z	  +0.000	 -0.500		1210.0	 2	34.8634	4.423	192.32																																				
PIRATA Fr28	st015c01	B	2018-03-21T15:49:34z	  +0.000	 -0.500		2022.0	 1	34.9582	5.686	247.22																																				
PIRATA Fr28	st016c01	B	2018-03-21T20:29:19z	  -0.001	 -1.000		   2.7	11	34.2129	4.500	196.74	 0.02	  0.080	0.060	  0.06	 0.91	0.0240	0.0187		0.0370	0.0124				0.0360	0.0039			0.0090		0.0565	0.0331		0.0178			0.0374	0.1331									
PIRATA Fr28	st016c01	B	2018-03-21T20:29:19z	  -0.001	 -1.000		  20.2	10	34.4032	4.524	197.73	 0.01	  0.040	0.030	  0.06	 0.90	0.0392	0.0332	0.0025	0.0584	0.0197	0.0060	0.0055		0.0600	0.0060	0.0019		0.0176		0.0493	0.0499		0.0215			0.0498	0.2496									
PIRATA Fr28	st016c01	B	2018-03-21T20:29:19z	  -0.001	 -1.000		  40.0	 9	35.6549	4.761	207.82																																				
PIRATA Fr28	st016c01	B	2018-03-21T20:29:19z	  -0.001	 -1.000		  39.9	 8	35.7047	4.764	207.94	 0.01	  0.070	0.060	  0.09	 0.87	0.0565	0.0465	0.0039	0.0699	0.0206	0.0117	0.0249		0.1177	0.0103	0.0025		0.0196		0.0121	0.1769		0.0188			0.0382	0.4626									
PIRATA Fr28	st016c01	B	2018-03-21T20:29:19z	  -0.001	 -1.000		  60.0	 7	35.9723	3.844	167.51	 0.17	  2.360	2.200	  0.40	 2.57	0.0032	0.0106	0.0053	0.0059	0.0039				0.0185	0.0040			0.0654		0.0053	0.0077		0.0130			0.0537	0.0944									
PIRATA Fr28	st016c01	B	2018-03-21T20:29:19z	  -0.001	 -1.000		  80.3	 6	35.8186	2.962	128.98	 0.31	 14.900	14.600	  1.02	 4.88	0.0018	0.0080	0.0042	0.0039	0.0027				0.0114	0.0036			0.0624		0.0040	0.0060		0.0103			0.0421	0.0707									
PIRATA Fr28	st016c01	B	2018-03-21T20:29:19z	  -0.001	 -1.000		 100.7	 5	35.6681	3.083	134.20	 0.07	 15.800	15.800	  1.08	 5.67		0.0049							0.0075				0.0653			0.0000		0.0100			0.0442	0.0680									
PIRATA Fr28	st016c01	B	2018-03-21T20:29:19z	  -0.001	 -1.000		 403.3	 4	34.7291	2.432	105.82																																				
PIRATA Fr28	st016c01	B	2018-03-21T20:29:19z	  -0.001	 -1.000		 806.0	 3	34.5222	3.400	147.85																																				
PIRATA Fr28	st016c01	B	2018-03-21T20:29:19z	  -0.001	 -1.000		1210.0	 2	34.8308	4.231	183.94																																				
PIRATA Fr28	st016c01	B	2018-03-21T20:29:19z	  -0.001	 -1.000		2022.0	 1	34.9597	5.670	246.43																																				
PIRATA Fr28	st017c01	B	2018-03-21T23:34:00z	  +0.000	 -1.499		   2.4	11	34.2700	4.506	196.95	 0.01	  0.010	0.000	  0.04	 0.89																															
PIRATA Fr28	st017c01	B	2018-03-21T23:34:00z	  +0.000	 -1.499		  20.0	10	34.2824	4.510	197.13																																				
PIRATA Fr28	st017c01	B	2018-03-21T23:34:00z	  +0.000	 -1.499		  20.0	 9	34.2842	4.532	198.07	 0.01	  0.000	0.000	  0.05	 0.87																															
PIRATA Fr28	st017c01	B	2018-03-21T23:34:00z	  +0.000	 -1.499		  40.3	 8	35.6871	4.787	208.94	 0.01	  0.000	0.000	  0.08	 1.00																															
PIRATA Fr28	st017c01	B	2018-03-21T23:34:00z	  +0.000	 -1.499		  60.0	 7	35.8799	2.841	123.76	 0.56	 14.200	13.700	  0.95	 4.28																															
PIRATA Fr28	st017c01	B	2018-03-21T23:34:00z	  +0.000	 -1.499		  80.0	 6	35.6859	3.066	133.49	 0.08	 15.800	15.700	  1.05	 5.53																															
PIRATA Fr28	st017c01	B	2018-03-21T23:34:00z	  +0.000	 -1.499		 101.0	 5	35.6283	3.101	135.00	 0.03	 16.200	16.200	  1.06	 5.82																															
PIRATA Fr28	st017c01	B	2018-03-21T23:34:00z	  +0.000	 -1.499		 402.2	 4	34.7365	2.351	102.30																																				
PIRATA Fr28	st017c01	B	2018-03-21T23:34:00z	  +0.000	 -1.499		 806.2	 3	34.5081	3.434	149.38																																				
PIRATA Fr28	st017c01	B	2018-03-21T23:34:00z	  +0.000	 -1.499		1209.3	 2	34.8556	4.371	190.09																																				
PIRATA Fr28	st017c01	B	2018-03-21T23:34:00z	  +0.000	 -1.499		2020.5	 1	34.9614	5.699	247.78																																				
PIRATA Fr28	st018c01	B	2018-03-22T05:55:22z	  -0.001	 -1.998		   3.0	11	34.3205	4.505	196.92	 0.02	  0.050	0.030	  0.04	 0.79	0.0045	0.0090		0.0040	0.0044			0.0014	0.0172	0.0042		0.0906			0.0041	0.0063		0.0148			0.0628	0.0888									
PIRATA Fr28	st018c01	B	2018-03-22T05:55:22z	  -0.001	 -1.998		   3.0	10	34.3200	4.503	196.84																																				
PIRATA Fr28	st018c01	B	2018-03-22T05:55:22z	  -0.001	 -1.998		  20.0	 9	34.3477	4.513	197.23	 0.02	  0.060	0.040	  0.04	 0.82	0.0045	0.0086		0.0043	0.0040			0.0012	0.0184	0.0044			0.0916		0.0042	0.0064		0.0170			0.0643	0.0922									
PIRATA Fr28	st018c01	B	2018-03-22T05:55:22z	  -0.001	 -1.998		  40.0	 8	36.0215	4.524	197.26	 0.01	  0.060	0.050	  0.21	 1.62	0.0244	0.0288	0.0104	0.0207	0.0079				0.0748	0.0086			0.1354		0.0186	0.0286		0.0420			0.1595	0.2474									
PIRATA Fr28	st018c01	B	2018-03-22T05:55:22z	  -0.001	 -1.998		  61.0	 7	35.9659	3.299	143.68	 0.27	 12.080	11.800	  0.82	 4.04	0.0513	0.0404	0.0121	0.0769	0.0322	0.0058	0.0065	0.0016	0.0795	0.0077	0.0023		0.0375		0.0970	0.0911		0.0377			0.0998	0.2697		0.0039							
PIRATA Fr28	st018c01	B	2018-03-22T05:55:22z	  -0.001	 -1.998		  81.0	 6	35.8108	2.915	126.92	 0.07	 15.300	15.200	  1.01	 5.37	0.0261	0.0146		0.0362	0.0119				0.0445	0.0027			0.0054		0.0447	0.0185		0.0129			0.0274	0.1133									
PIRATA Fr28	st018c01	B	2018-03-22T05:55:22z	  -0.001	 -1.998		 101.0	 5	35.6594	3.027	131.77	 0.03	 16.300	16.300	  1.07	 5.74	0.0038	0.0014		0.0036	0.0022				0.0082	0.0004			0.0003			0.0000		0.0010			0.0018	0.0233									
PIRATA Fr28	st018c01	B	2018-03-22T05:55:22z	  -0.001	 -1.998		 402.0	 4	34.7388	2.393	104.13																																				
PIRATA Fr28	st018c01	B	2018-03-22T05:55:22z	  -0.001	 -1.998		 807.0	 3	34.5251	3.395	147.64																																				
PIRATA Fr28	st018c01	B	2018-03-22T05:55:22z	  -0.001	 -1.998		1209.0	 2	34.8434	4.302	187.03																																				
PIRATA Fr28	st018c01	B	2018-03-22T05:55:22z	  -0.001	 -1.998		2024.0	 1	34.9532	5.531	240.42																																				
PIRATA Fr28	st019c01	B	2018-03-22T10:35:05z	  -0.001	 -2.495		   2.6	11	34.6360	4.555	199.05																																				
PIRATA Fr28	st019c01	B	2018-03-22T10:35:05z	  -0.001	 -2.495		  20.1	10	34.7167	4.598	200.90																																				
PIRATA Fr28	st019c01	B	2018-03-22T10:35:05z	  -0.001	 -2.495		  40.3	 9	35.9833	4.508	196.52																																				
PIRATA Fr28	st019c01	B	2018-03-22T10:35:05z	  -0.001	 -2.495		  60.4	 8	35.9344	3.281	142.87																																				
PIRATA Fr28	st019c01	B	2018-03-22T10:35:05z	  -0.001	 -2.495		  80.3	 7	35.7989	2.806	122.21																																				
PIRATA Fr28	st019c01	B	2018-03-22T10:35:05z	  -0.001	 -2.495		 100.8	 6	35.7069	3.050	132.77																																				
PIRATA Fr28	st019c01	B	2018-03-22T10:35:05z	  -0.001	 -2.495		 402.2	 5	34.8058	1.834	 79.81																																				
PIRATA Fr28	st019c01	B	2018-03-22T10:35:05z	  -0.001	 -2.495		 800.3	 4	34.5140	3.248	141.29																																				
PIRATA Fr28	st019c01	B	2018-03-22T10:35:05z	  -0.001	 -2.495		1210.9	 3	34.8306	4.247	184.68																																				
PIRATA Fr28	st019c01	B	2018-03-22T10:35:05z	  -0.001	 -2.495		2021.9	 2	34.9490	5.512	239.61																																				
PIRATA Fr28	st019c01	B	2018-03-22T10:35:05z	  -0.001	 -2.495		2022.1	 1	34.9504	5.505	239.31																																				
PIRATA Fr28	st020c01	B	2018-03-22T15:37:26z	  -0.000	 -3.000		   2.2	11	34.7877	4.566	199.53	 0.02	  0.040	0.020	  0.04	 0.88	0.0045	0.0054	0.0052	0.0049	0.0055			0.0025	0.0206	0.0097		0.0018	0.1133			0.0000		0.0143			0.0509	0.0947									
PIRATA Fr28	st020c01	B	2018-03-22T15:37:26z	  -0.000	 -3.000		  19.7	10	34.9380	4.702	205.44	 0.01	  0.030	0.020	  0.04	 0.87	0.0074	0.0114	0.0101	0.0085	0.0074			0.0028	0.0338	0.0108					0.0038	0.0142		0.0225			0.0708	0.1524									
PIRATA Fr28	st020c01	B	2018-03-22T15:37:26z	  -0.000	 -3.000		  40.1	 9	35.9263	3.556	154.99	 0.32	  7.480	7.150	  0.60	 3.14	0.0896	0.1037	0.0355	0.0915	0.0650	0.0426	0.0276	0.0236	0.2136	0.0158	0.0045		0.0934		0.0600	0.3134		0.0584			0.1412	0.6734		0.0084							
PIRATA Fr28	st020c01	B	2018-03-22T15:37:26z	  -0.000	 -3.000		  60.3	 8	35.9513	3.313	144.28	 0.13	 12.000	11.900	  0.84	 4.40	0.0598	0.0537	0.0101	0.0789	0.0454	0.0111	0.0103		0.0914	0.0076	0.0012		0.0426		0.1399	0.0888		0.0466			0.1059	0.2729		0.0050							
PIRATA Fr28	st020c01	B	2018-03-22T15:37:26z	  -0.000	 -3.000		  80.3	 7	35.7965	2.848	124.01	 0.05	 15.600	15.500	  1.03	 5.69	0.0186	0.0149		0.0228	0.0126				0.0418	0.0034			0.0049		0.0293	0.0147		0.0106			0.0179	0.0824									
PIRATA Fr28	st020c01	B	2018-03-22T15:37:26z	  -0.000	 -3.000		 100.2	 6	35.7197	3.137	136.58	 0.04	 15.000	14.900	  0.99	 5.49	0.0096	0.0094		0.0171	0.0085				0.0184	0.0024			0.0037		0.0276	0.0123		0.0074			0.0132	0.0481									
PIRATA Fr28	st020c01	B	2018-03-22T15:37:26z	  -0.000	 -3.000		 402.0	 5	34.7882	1.869	 81.31																																				
PIRATA Fr28	st020c01	B	2018-03-22T15:37:26z	  -0.000	 -3.000		 805.3	 4	34.5065	3.098	134.74																																				
PIRATA Fr28	st020c01	B	2018-03-22T15:37:26z	  -0.000	 -3.000		1210.0	 3	34.8165	4.137	179.91																																				
PIRATA Fr28	st020c01	B	2018-03-22T15:37:26z	  -0.000	 -3.000		1210.0	 2	34.8162	4.138	179.93																																				
PIRATA Fr28	st020c01	B	2018-03-22T15:37:26z	  -0.000	 -3.000		2021.6	 1	34.9511	5.501	239.11																																				
PIRATA Fr28	st021c01	B	2018-03-25T05:19:53z	 -10.000	-10.003		   3.0	10	36.5647	4.609	200.99	 0.02	  0.050	0.030	  0.12	 1.03	0.0025	0.0071	0.0011	0.0073	0.0047				0.0194	0.0045			0.0591		0.0027	0.0042		0.0079			0.0278	0.0566									
PIRATA Fr28	st021c01	B	2018-03-25T05:19:53z	 -10.000	-10.003		  11.0	 9	36.5641	4.610	201.02																																				
PIRATA Fr28	st021c01	B	2018-03-25T05:19:53z	 -10.000	-10.003		  20.0	 8	36.5647	4.610	201.03																																				
PIRATA Fr28	st021c01	B	2018-03-25T05:19:53z	 -10.000	-10.003		  39.0	 7	36.5676	4.620	201.48																																				
PIRATA Fr28	st021c01	B	2018-03-25T05:19:53z	 -10.000	-10.003		  60.0	 6	36.6260	5.069	220.88																																				
PIRATA Fr28	st021c01	B	2018-03-25T05:19:53z	 -10.000	-10.003		  81.0	 5	36.3719	4.513	196.52																																				
PIRATA Fr28	st021c01	B	2018-03-25T05:19:53z	 -10.000	-10.003		 100.0	 4	35.8745	3.071	133.70																																				
PIRATA Fr28	st021c01	B	2018-03-25T05:19:53z	 -10.000	-10.003		 303.0	 3	34.8744	1.752	 76.21																																				
PIRATA Fr28	st021c01	B	2018-03-25T05:19:53z	 -10.000	-10.003		 505.0	 2	34.6460	1.988	 86.47																																				
PIRATA Fr28	st021c01	B	2018-03-25T05:19:53z	 -10.000	-10.003		 505.0	 1	34.6456	1.986	 86.37																																				
PIRATA Fr28	st022c01	B	2018-03-25T09:01:04z	 -10.000	 -9.501		   2.2	 9	36.5817	4.620	201.51																																				
PIRATA Fr28	st022c01	B	2018-03-25T09:01:04z	 -10.000	 -9.501		  19.6	 8	36.5797	4.623	201.63																																				
PIRATA Fr28	st022c01	B	2018-03-25T09:01:04z	 -10.000	 -9.501		  50.7	 7	36.5033	4.822	210.27																																				
PIRATA Fr28	st022c01	B	2018-03-25T09:01:04z	 -10.000	 -9.501		 101.0	 6	36.0643	3.555	154.83																																				
PIRATA Fr28	st022c01	B	2018-03-25T09:01:04z	 -10.000	 -9.501		 201.5	 5	35.1191	1.889	 82.20																																				
PIRATA Fr28	st022c01	B	2018-03-25T09:01:04z	 -10.000	 -9.501		 301.7	 4	34.8588	1.758	 76.50																																				
PIRATA Fr28	st022c01	B	2018-03-25T09:01:04z	 -10.000	 -9.501		 403.3	 3	34.7668	1.657	 72.07																																				
PIRATA Fr28	st022c01	B	2018-03-25T09:01:04z	 -10.000	 -9.501		 503.8	 2	34.6801	1.814	 78.91																																				
PIRATA Fr28	st022c01	B	2018-03-25T09:01:04z	 -10.000	 -9.501		 503.6	 1	34.6796	1.818	 79.09																																				
PIRATA Fr28	st023c01	B	2018-03-25T12:33:08z	 -10.000	 -9.001		   2.5	11	36.5963	4.650	202.76	 0.01	  0.040	0.030	  0.13	 1.07																															
PIRATA Fr28	st023c01	B	2018-03-25T12:33:08z	 -10.000	 -9.001		  20.2	10	36.5922	4.624	201.66	 0.01	  0.050	0.040	  0.13	 1.07																															
PIRATA Fr28	st023c01	B	2018-03-25T12:33:08z	 -10.000	 -9.001		  39.7	 9	36.5914	4.624	201.65	 0.01	  0.050	0.040	  0.13	 1.10																															
PIRATA Fr28	st023c01	B	2018-03-25T12:33:08z	 -10.000	 -9.001		  60.6	 8	36.5156	4.954	215.96	 0.01	  0.040	0.030	  0.14	 1.04																															
PIRATA Fr28	st023c01	B	2018-03-25T12:33:08z	 -10.000	 -9.001		  80.7	 7	36.2645	4.581	199.61	 0.06	  1.960	1.910	  0.28	 1.85																															
PIRATA Fr28	st023c01	B	2018-03-25T12:33:08z	 -10.000	 -9.001		 100.8	 6	35.9316	3.194	139.07	 0.30	 12.300	12.000	  0.84	 4.00																															
PIRATA Fr28	st023c01	B	2018-03-25T12:33:08z	 -10.000	 -9.001		 200.3	 5	35.1010	1.992	 86.70																																				
PIRATA Fr28	st023c01	B	2018-03-25T12:33:08z	 -10.000	 -9.001		 301.0	 4	34.8649	1.836	 79.89																																				
PIRATA Fr28	st023c01	B	2018-03-25T12:33:08z	 -10.000	 -9.001		 301.0	 3	34.8625	1.816	 79.02																																				
PIRATA Fr28	st023c01	B	2018-03-25T12:33:08z	 -10.000	 -9.001		 403.4	 2	34.7390	1.773	 77.15																																				
PIRATA Fr28	st023c01	B	2018-03-25T12:33:08z	 -10.000	 -9.001		 504.2	 1	34.6668	1.952	 84.93																																				
PIRATA Fr28	st024c01	B	2018-03-25T16:01:16z	 -10.001	 -8.498		   2.3	 9	36.6202	4.569	199.24																																				
PIRATA Fr28	st024c01	B	2018-03-25T16:01:16z	 -10.001	 -8.498		  20.2	 8	36.6128	4.580	199.75																																				
PIRATA Fr28	st024c01	B	2018-03-25T16:01:16z	 -10.001	 -8.498		  50.5	 7	36.5898	5.003	218.06																																				
PIRATA Fr28	st024c01	B	2018-03-25T16:01:16z	 -10.001	 -8.498		 100.0	 6	35.7516	2.482	108.04																																				
PIRATA Fr28	st024c01	B	2018-03-25T16:01:16z	 -10.001	 -8.498		 201.5	 5	35.1127	2.115	 92.03																																				
PIRATA Fr28	st024c01	B	2018-03-25T16:01:16z	 -10.001	 -8.498		 301.0	 4	34.8931	1.955	 85.07																																				
PIRATA Fr28	st024c01	B	2018-03-25T16:01:16z	 -10.001	 -8.498		 402.5	 3	34.7845	1.709	 74.35																																				
PIRATA Fr28	st024c01	B	2018-03-25T16:01:16z	 -10.001	 -8.498		 402.5	 2	34.7791	1.698	 73.86																																				
PIRATA Fr28	st024c01	B	2018-03-25T16:01:16z	 -10.001	 -8.498		 505.5	 1	34.7094	1.742	 75.76																																				
PIRATA Fr28	st025c01	B	2018-03-25T19:34:33z	 -10.000	 -7.999		   3.0	11	36.6494	4.585	199.96	 0.02	  0.030	0.010	  0.17	 1.10	0.0025	0.0077	0.0020	0.0054	0.0061				0.0143	0.0059			0.0763		0.0033	0.0039		0.0089			0.0446	0.0481									
PIRATA Fr28	st025c01	B	2018-03-25T19:34:33z	 -10.000	 -7.999		  20.0	10	36.6446	4.599	200.57	 0.02	  0.030	0.010	  0.16	 1.07	0.0033	0.0085		0.0059	0.0064				0.0184	0.0056			0.0891		0.0037	0.0044		0.0102			0.0480	0.0558									
PIRATA Fr28	st025c01	B	2018-03-25T19:34:33z	 -10.000	 -7.999		  40.0	 9	36.5795	4.785	208.63	 0.01	  0.010	0.000	  0.14	 1.02	0.0063	0.0067	0.0028	0.0067	0.0032				0.0265	0.0049			0.0912		0.0060	0.0064		0.0107			0.0591	0.0649									
PIRATA Fr28	st025c01	B	2018-03-25T19:34:33z	 -10.000	 -7.999		  60.0	 8	36.4975	5.081	221.41	 0.02	  0.000	0.000	  0.15	 1.12	0.0111	0.0137	0.0050	0.0152	0.0045				0.0451	0.0053			0.0918		0.0088	0.0148		0.0178			0.0877	0.1125									
PIRATA Fr28	st025c01	B	2018-03-25T19:34:33z	 -10.000	 -7.999		  81.0	 7	36.3003	4.370	190.35	 0.10	  3.700	3.610	  0.41	 2.13	0.0461	0.0570	0.0162	0.0751	0.0185	0.0236		0.0048	0.1293	0.0078			0.0852		0.0351	0.1693		0.0396			0.1343	0.3281		0.0043							
PIRATA Fr28	st025c01	B	2018-03-25T19:34:33z	 -10.000	 -7.999		  99.0	 6	35.6221	1.986	 86.47	 0.34	 21.400	21.000	  1.33	 6.36	0.0436	0.0397	0.0068	0.0829	0.0209	0.0130	0.0024	0.0008	0.0729	0.0047	0.0017		0.0361		0.0715	0.1038		0.0351			0.0834	0.2176		0.0035							
PIRATA Fr28	st025c01	B	2018-03-25T19:34:33z	 -10.000	 -7.999		 200.0	 5	35.1209	2.199	 95.71																																				
PIRATA Fr28	st025c01	B	2018-03-25T19:34:33z	 -10.000	 -7.999		 200.0	 4	35.1196	2.201	 95.77																																				
PIRATA Fr28	st025c01	B	2018-03-25T19:34:33z	 -10.000	 -7.999		 302.0	 3	34.9342	1.878	 81.71																																				
PIRATA Fr28	st025c01	B	2018-03-25T19:34:33z	 -10.000	 -7.999		 401.0	 2	34.7973	1.558	 67.76																																				
PIRATA Fr28	st025c01	B	2018-03-25T19:34:33z	 -10.000	 -7.999		 506.5	 1	34.6600	1.905	 82.85																																				
PIRATA Fr28	st026c01	B	2018-03-25T23:06:13z	 -10.001	 -7.303		   2.3	 9	36.6185	4.603	200.74																																				
PIRATA Fr28	st026c01	B	2018-03-25T23:06:13z	 -10.001	 -7.303		  20.0	 8	36.6181	4.601	200.66																																				
PIRATA Fr28	st026c01	B	2018-03-25T23:06:13z	 -10.001	 -7.303		  50.2	 7	36.1630	4.575	199.33																																				
PIRATA Fr28	st026c01	B	2018-03-25T23:06:13z	 -10.001	 -7.303		 101.7	 6	35.4513	1.958	 85.21																																				
PIRATA Fr28	st026c01	B	2018-03-25T23:06:13z	 -10.001	 -7.303		 201.5	 5	35.0827	2.108	 91.71																																				
PIRATA Fr28	st026c01	B	2018-03-25T23:06:13z	 -10.001	 -7.303		 303.6	 4	34.9182	1.910	 83.09																																				
PIRATA Fr28	st026c01	B	2018-03-25T23:06:13z	 -10.001	 -7.303		 303.3	 3	34.9179	1.913	 83.24																																				
PIRATA Fr28	st026c01	B	2018-03-25T23:06:13z	 -10.001	 -7.303		 403.3	 2	34.8167	1.503	 65.36																																				
PIRATA Fr28	st026c01	B	2018-03-25T23:06:13z	 -10.001	 -7.303		 504.2	 1	34.7086	1.743	 75.80																																				
PIRATA Fr28	st027c01	B	2018-03-26T02:46:14z	 -10.000	 -6.999		   2.3	11	36.5923	4.577	199.61	 0.02	  0.050	0.030	  0.16	 1.07																															
PIRATA Fr28	st027c01	B	2018-03-26T02:46:14z	 -10.000	 -6.999		  20.0	10	36.5912	4.584	199.92	 0.01	  0.040	0.030	  0.15	 1.05																															
PIRATA Fr28	st027c01	B	2018-03-26T02:46:14z	 -10.000	 -6.999		  40.1	 9	36.5906	4.583	199.84	 0.01	  0.020	0.010	  0.14	 1.08																															
PIRATA Fr28	st027c01	B	2018-03-26T02:46:14z	 -10.000	 -6.999		  60.3	 8	36.2069	4.881	212.70	 0.02	  0.710	0.690	  0.24	 1.76																															
PIRATA Fr28	st027c01	B	2018-03-26T02:46:14z	 -10.000	 -6.999		  80.5	 7	35.8347	2.797	121.78	 0.33	 15.200	14.800	  1.01	 4.50																															
PIRATA Fr28	st027c01	B	2018-03-26T02:46:14z	 -10.000	 -6.999		 100.4	 6	35.6561	2.187	 95.22	 0.43	 20.100	19.700	  1.29	 5.99																															
PIRATA Fr28	st027c01	B	2018-03-26T02:46:14z	 -10.000	 -6.999		 100.4	 5	35.6564	2.179	 94.85																																				
PIRATA Fr28	st027c01	B	2018-03-26T02:46:14z	 -10.000	 -6.999		 201.0	 4	35.1173	1.982	 86.26																																				
PIRATA Fr28	st027c01	B	2018-03-26T02:46:14z	 -10.000	 -6.999		 302.0	 3	34.9291	1.958	 85.20																																				
PIRATA Fr28	st027c01	B	2018-03-26T02:46:14z	 -10.000	 -6.999		 403.0	 2	34.8184	1.521	 66.17																																				
PIRATA Fr28	st027c01	B	2018-03-26T02:46:14z	 -10.000	 -6.999		 504.5	 1	34.7036	1.609	 69.97																																				
PIRATA Fr28	st028c01	B	2018-03-26T06:18:51z	  -9.999	 -6.500		   3.0	 9	36.5804	4.573	199.45																																				
PIRATA Fr28	st028c01	B	2018-03-26T06:18:51z	  -9.999	 -6.500		  20.0	 8	36.5797	4.577	199.62																																				
PIRATA Fr28	st028c01	B	2018-03-26T06:18:51z	  -9.999	 -6.500		  51.0	 7	36.5344	4.659	203.15																																				
PIRATA Fr28	st028c01	B	2018-03-26T06:18:51z	  -9.999	 -6.500		 100.0	 6	35.6121	2.031	 88.41																																				
PIRATA Fr28	st028c01	B	2018-03-26T06:18:51z	  -9.999	 -6.500		 202.0	 5	35.0919	2.153	 93.67																																				
PIRATA Fr28	st028c01	B	2018-03-26T06:18:51z	  -9.999	 -6.500		 202.0	 4	35.0919	2.157	 93.88																																				
PIRATA Fr28	st028c01	B	2018-03-26T06:18:51z	  -9.999	 -6.500		 304.0	 3	34.9056	1.707	 74.26																																				
PIRATA Fr28	st028c01	B	2018-03-26T06:18:51z	  -9.999	 -6.500		 401.0	 2	34.7692	1.548	 67.34																																				
PIRATA Fr28	st028c01	B	2018-03-26T06:18:51z	  -9.999	 -6.500		 503.0	 1	34.6669	1.688	 73.40																																				
PIRATA Fr28	st029c01	B	2018-03-26T17:28:40z	 -10.006	 -6.004		   3.0	11	36.4103	4.558	198.84	 0.02	  0.020	0.000	  0.12	 0.95	0.0016	0.0045		0.0074	0.0059			0.0013	0.0171	0.0046			0.0729		0.0402	0.0419		0.0087			0.0036	0.0096									
PIRATA Fr28	st029c01	B	2018-03-26T17:28:40z	 -10.006	 -6.004		  20.0	10	36.3960	4.578	199.72	 0.01	  0.030	0.020	  0.11	 0.91	0.0016	0.0048		0.0075	0.0059			0.0013	0.0192	0.0040			0.0734		0.0039	0.0104		0.0094			0.0373	0.0460									
PIRATA Fr28	st029c01	B	2018-03-26T17:28:40z	 -10.006	 -6.004		  41.0	 9	36.3920	4.745	206.95	 0.01	  0.060	0.050	  0.12	 1.04	0.0073	0.0125	0.0025	0.0123	0.0075			0.0014	0.0405	0.0052			0.1089		0.0073	0.0155		0.0163			0.0747	0.0825									
PIRATA Fr28	st029c01	B	2018-03-26T17:28:40z	 -10.006	 -6.004		  60.0	 8	36.1097	4.172	181.80	 0.13	  4.360	4.230	  0.42	 2.40	0.0444	0.0641	0.0066	0.0809	0.0216	0.0087		0.0042	0.1442	0.0080	0.0028		0.1276		0.0199	0.1464		0.0398			0.1470	0.3246		0.0040							
PIRATA Fr28	st029c01	B	2018-03-26T17:28:40z	 -10.006	 -6.004		  80.0	 7	35.7648	2.604	113.42	 0.30	 17.000	16.700	  1.06	 5.12																															
PIRATA Fr28	st029c01	B	2018-03-26T17:28:40z	 -10.006	 -6.004		  80.0	 6	35.7467	2.551	111.11						0.0461	0.0424	0.0021	0.0870	0.0225	0.0034	0.0046		0.0795	0.0046	0.0014		0.0396		0.1053	0.0779		0.0375			0.0924	0.2257		0.0037							
PIRATA Fr28	st029c01	B	2018-03-26T17:28:40z	 -10.006	 -6.004		 100.0	 5	35.5190	2.093	 91.14	 0.09	 22.100	22.100	  1.35	 6.98	0.0262	0.0222	0.0011	0.0537	0.0141	0.0011	0.0026		0.0446	0.0027	0.0013		0.0136		0.0718	0.0451		0.0230			0.0475	0.1251		0.0023							
PIRATA Fr28	st029c01	B	2018-03-26T17:28:40z	 -10.006	 -6.004		 201.0	 4	35.0216	2.106	 91.64																																				
PIRATA Fr28	st029c01	B	2018-03-26T17:28:40z	 -10.006	 -6.004		 302.0	 3	34.8597	1.928	 83.90																																				
PIRATA Fr28	st029c01	B	2018-03-26T17:28:40z	 -10.006	 -6.004		 402.0	 2	34.7333	1.892	 82.33																																				
PIRATA Fr28	st029c01	B	2018-03-26T17:28:40z	 -10.006	 -6.004		 504.0	 1	34.6354	2.188	 95.19																																				
PIRATA Fr28	st030c01	B	2018-03-26T21:24:39z	 -10.000	 -5.500		   2.4	 9	36.4098	4.568	199.28																																				
PIRATA Fr28	st030c01	B	2018-03-26T21:24:39z	 -10.000	 -5.500		  20.1	 8	36.4012	4.514	196.93																																				
PIRATA Fr28	st030c01	B	2018-03-26T21:24:39z	 -10.000	 -5.500		  49.9	 7	36.2299	4.546	198.11																																				
PIRATA Fr28	st030c01	B	2018-03-26T21:24:39z	 -10.000	 -5.500		 101.6	 6	35.7721	2.824	122.92																																				
PIRATA Fr28	st030c01	B	2018-03-26T21:24:39z	 -10.000	 -5.500		 101.9	 5	35.7683	2.824	122.96																																				
PIRATA Fr28	st030c01	B	2018-03-26T21:24:39z	 -10.000	 -5.500		 201.8	 4	35.0949	2.251	 97.96																																				
PIRATA Fr28	st030c01	B	2018-03-26T21:24:39z	 -10.000	 -5.500		 301.9	 3	34.8761	2.058	 89.54																																				
PIRATA Fr28	st030c01	B	2018-03-26T21:24:39z	 -10.000	 -5.500		 402.8	 2	34.7668	1.844	 80.20																																				
PIRATA Fr28	st030c01	B	2018-03-26T21:24:39z	 -10.000	 -5.500		 503.8	 1	34.6419	2.203	 95.83																																				
PIRATA Fr28	st031c01	B	2018-03-27T00:56:23z	 -10.002	 -5.001		   2.5	11	36.2587	4.520	197.22	 0.01	  0.020	0.010	  0.07	 0.85																															
PIRATA Fr28	st031c01	B	2018-03-27T00:56:23z	 -10.002	 -5.001		  20.5	10	36.2493	4.524	197.38	 0.01	  0.020	0.010	  0.08	 0.87																															
PIRATA Fr28	st031c01	B	2018-03-27T00:56:23z	 -10.002	 -5.001		  40.0	 9	36.4055	4.846	211.29	 0.01	  0.030	0.020	  0.13	 1.09																															
PIRATA Fr28	st031c01	B	2018-03-27T00:56:23z	 -10.002	 -5.001		  60.5	 8	36.0592	3.765	164.05	 0.19	  7.550	7.370	  0.66	 3.04																															
PIRATA Fr28	st031c01	B	2018-03-27T00:56:23z	 -10.002	 -5.001		  60.5	 7	36.0551	3.734	162.67																																				
PIRATA Fr28	st031c01	B	2018-03-27T00:56:23z	 -10.002	 -5.001		  81.0	 6	35.6451	2.132	 92.81	 0.19	 21.200	21.000	  1.29	 6.59																															
PIRATA Fr28	st031c01	B	2018-03-27T00:56:23z	 -10.002	 -5.001		 101.5	 5	35.5379	2.075	 90.33	 0.03	 22.400	22.400	  1.38	 7.55																															
PIRATA Fr28	st031c01	B	2018-03-27T00:56:23z	 -10.002	 -5.001		 201.0	 4	35.2624	2.405	104.67																																				
PIRATA Fr28	st031c01	B	2018-03-27T00:56:23z	 -10.002	 -5.001		 302.0	 3	35.0288	1.880	 81.78																																				
PIRATA Fr28	st031c01	B	2018-03-27T00:56:23z	 -10.002	 -5.001		 402.2	 2	34.8442	1.767	 76.87																																				
PIRATA Fr28	st031c01	B	2018-03-27T00:56:23z	 -10.002	 -5.001		 504.5	 1	34.7111	2.076	 90.29																																				
PIRATA Fr28	st032c01	B	2018-03-27T03:58:00z	 -10.001	 -4.513		   3.0	 9	35.9620	4.509	196.78																																				
PIRATA Fr28	st032c01	B	2018-03-27T03:58:00z	 -10.001	 -4.513		  20.0	 8	35.9618	4.507	196.68																																				
PIRATA Fr28	st032c01	B	2018-03-27T03:58:00z	 -10.001	 -4.513		  50.0	 7	35.7180	2.731	118.93																																				
PIRATA Fr28	st032c01	B	2018-03-27T03:58:00z	 -10.001	 -4.513		 100.0	 6	35.5098	2.250	 97.95																																				
PIRATA Fr28	st032c01	B	2018-03-27T03:58:00z	 -10.001	 -4.513		 201.0	 5	35.2814	2.092	 91.05																																				
PIRATA Fr28	st032c01	B	2018-03-27T03:58:00z	 -10.001	 -4.513		 302.0	 4	35.0726	2.089	 90.88																																				
PIRATA Fr28	st032c01	B	2018-03-27T03:58:00z	 -10.001	 -4.513		 402.0	 3	34.8888	1.577	 68.62																																				
PIRATA Fr28	st032c01	B	2018-03-27T03:58:00z	 -10.001	 -4.513		 507.0	 2	34.7272	1.916	 83.34																																				
PIRATA Fr28	st032c01	B	2018-03-27T03:58:00z	 -10.001	 -4.513		 507.0	 1	34.7274	1.913	 83.23																																				
PIRATA Fr28	st033c01	B	2018-03-27T08:10:07z	 -10.002	 -4.001		   2.1	11	35.4849	4.522	197.45	 0.02	  0.060	0.040	  0.07	 0.71	0.0049	0.0087	0.0037	0.0051	0.0044			0.0018	0.0239	0.0057			0.0548		0.0047	0.0066		0.0159			0.0647	0.0950									
PIRATA Fr28	st033c01	B	2018-03-27T08:10:07z	 -10.002	 -4.001		  20.5	10	35.4836	4.521	197.39	 0.01	  0.060	0.050	  0.06	 0.75	0.0058	0.0100	0.0038	0.0040	0.0040				0.0247	0.0054			0.0590		0.0063	0.0071		0.0180			0.0688	0.1058									
PIRATA Fr28	st033c01	B	2018-03-27T08:10:07z	 -10.002	 -4.001		  40.2	 9	35.9928	4.873	212.53																																				
PIRATA Fr28	st033c01	B	2018-03-27T08:10:07z	 -10.002	 -4.001		  40.2	 8	35.9895	4.885	213.05	 0.03	  0.210	0.190	  0.20	 1.70	0.0338	0.0445	0.0238	0.0406	0.0188				0.1123	0.0098			0.0469			0.0436			0.0187		0.0473	0.3266									
PIRATA Fr28	st033c01	B	2018-03-27T08:10:07z	 -10.002	 -4.001		  60.0	 7	35.7082	2.973	129.46	 0.26	 14.800	14.500	  1.00	 5.03	0.0562	0.0556	0.0226	0.0741	0.0350	0.0096	0.0038	0.0032	0.1164	0.0072	0.0021		0.0410		0.0383	0.1280		0.0314			0.0713	0.4056									
PIRATA Fr28	st033c01	B	2018-03-27T08:10:07z	 -10.002	 -4.001		  81.0	 6	35.5206	2.262	 98.45	 0.13	 21.100	21.000	  1.33	 7.00	0.0260	0.0218	0.0073	0.0333	0.0156	0.0022	0.0015		0.0374	0.0036	0.0015		0.0139		0.0878	0.0518		0.0279			0.0564	0.1448									
PIRATA Fr28	st033c01	B	2018-03-27T08:10:07z	 -10.002	 -4.001		 101.0	 5	35.4847	2.772	120.65	 0.04	 19.100	19.100	  1.22	 7.08	0.0200	0.0159	0.0065	0.0252	0.0110				0.0342	0.0031	0.0014		0.0049		0.0487	0.0251		0.0161			0.0285	0.0981									
PIRATA Fr28	st033c01	B	2018-03-27T08:10:07z	 -10.002	 -4.001		 201.0	 4	35.3119	2.123	 92.38																																				
PIRATA Fr28	st033c01	B	2018-03-27T08:10:07z	 -10.002	 -4.001		 301.0	 3	35.1153	2.262	 98.44																																				
PIRATA Fr28	st033c01	B	2018-03-27T08:10:07z	 -10.002	 -4.001		 404.0	 2	34.9338	1.599	 69.55																																				
PIRATA Fr28	st033c01	B	2018-03-27T08:10:07z	 -10.002	 -4.001		 505.0	 1	34.7094	1.786	 77.68																																				
PIRATA Fr28	st034c01	B	2018-03-27T11:48:21z	 -10.001	 -3.501		   2.1	 9	35.4984	4.547	198.53																																				
PIRATA Fr28	st034c01	B	2018-03-27T11:48:21z	 -10.001	 -3.501		  20.4	 8	35.4891	4.551	198.73																																				
PIRATA Fr28	st034c01	B	2018-03-27T11:48:21z	 -10.001	 -3.501		  50.3	 7	35.6628	2.391	104.12																																				
PIRATA Fr28	st034c01	B	2018-03-27T11:48:21z	 -10.001	 -3.501		 101.1	 6	35.4830	2.100	 91.41																																				
PIRATA Fr28	st034c01	B	2018-03-27T11:48:21z	 -10.001	 -3.501		 200.9	 5	35.3512	2.013	 87.64																																				
PIRATA Fr28	st034c01	B	2018-03-27T11:48:21z	 -10.001	 -3.501		 302.9	 4	35.1385	1.934	 84.17																																				
PIRATA Fr28	st034c01	B	2018-03-27T11:48:21z	 -10.001	 -3.501		 403.5	 3	34.9070	1.747	 76.03																																				
PIRATA Fr28	st034c01	B	2018-03-27T11:48:21z	 -10.001	 -3.501		 403.7	 2	34.9055	1.737	 75.59																																				
PIRATA Fr28	st034c01	B	2018-03-27T11:48:21z	 -10.001	 -3.501		 504.6	 1	34.7279	1.886	 82.05																																				
PIRATA Fr28	st035c01	B	2018-03-27T15:15:26z	 -10.002	 -3.000		   2.4	11	35.5259	4.588	200.33	 0.02	  0.050	0.030	  0.05	 0.81																															
PIRATA Fr28	st035c01	B	2018-03-27T15:15:26z	 -10.002	 -3.000		  20.5	10	35.5321	4.602	200.91	 0.06	  1.190	1.130	  0.27	 2.22																															
PIRATA Fr28	st035c01	B	2018-03-27T15:15:26z	 -10.002	 -3.000		  20.3	 9	35.5334	4.602	200.90																																				
PIRATA Fr28	st035c01	B	2018-03-27T15:15:26z	 -10.002	 -3.000		  40.4	 8	35.9289	4.714	205.51	 0.37	 18.200	17.900	  1.16	 5.72																															
PIRATA Fr28	st035c01	B	2018-03-27T15:15:26z	 -10.002	 -3.000		  60.5	 7	35.6678	2.458	107.05	 0.23	 21.000	20.800	  1.45	 6.82																															
PIRATA Fr28	st035c01	B	2018-03-27T15:15:26z	 -10.002	 -3.000		  80.5	 6	35.5612	2.221	 96.70	 0.06	 22.400	22.400	  1.39	 7.45																															
PIRATA Fr28	st035c01	B	2018-03-27T15:15:26z	 -10.002	 -3.000		 101.0	 5	35.4932	2.106	 91.70	 0.09	 22.200	22.100	  1.40	 7.51																															
PIRATA Fr28	st035c01	B	2018-03-27T15:15:26z	 -10.002	 -3.000		 201.6	 4	35.3656	2.299	100.06																																				
PIRATA Fr28	st035c01	B	2018-03-27T15:15:26z	 -10.002	 -3.000		 302.0	 3	35.1706	2.033	 88.46																																				
PIRATA Fr28	st035c01	B	2018-03-27T15:15:26z	 -10.002	 -3.000		 403.3	 2	34.9189	1.500	 65.28																																				
PIRATA Fr28	st035c01	B	2018-03-27T15:15:26z	 -10.002	 -3.000		 504.0	 1	34.6553	2.482	107.98																																				
PIRATA Fr28	st036c01	B	2018-03-27T18:44:52z	 -10.002	 -2.499		   3.0	 9	35.6282	4.585	200.16																																				
PIRATA Fr28	st036c01	B	2018-03-27T18:44:52z	 -10.002	 -2.499		  20.0	 8	35.6410	4.624	201.83																																				
PIRATA Fr28	st036c01	B	2018-03-27T18:44:52z	 -10.002	 -2.499		  51.0	 7	35.7935	3.657	159.33																																				
PIRATA Fr28	st036c01	B	2018-03-27T18:44:52z	 -10.002	 -2.499		 100.0	 6	35.5251	2.927	127.40																																				
PIRATA Fr28	st036c01	B	2018-03-27T18:44:52z	 -10.002	 -2.499		 202.0	 5	35.4234	2.732	118.88																																				
PIRATA Fr28	st036c01	B	2018-03-27T18:44:52z	 -10.002	 -2.499		 303.0	 4	35.2373	1.986	 86.44																																				
PIRATA Fr28	st036c01	B	2018-03-27T18:44:52z	 -10.002	 -2.499		 304.0	 3	35.2434	2.000	 87.02																																				
PIRATA Fr28	st036c01	B	2018-03-27T18:44:52z	 -10.002	 -2.499		 402.0	 2	34.8965	1.490	 64.84																																				
PIRATA Fr28	st036c01	B	2018-03-27T18:44:52z	 -10.002	 -2.499		 504.0	 1	34.6446	2.572	111.86																																				
PIRATA Fr28	st037c01	B	2018-03-27T23:15:44z	 -10.001	 -2.001		   2.3	11	35.7484	4.550	198.61	 0.01	  0.080	0.070	  0.07	 0.87	0.0055	0.0100	0.0073	0.0079	0.0077				0.0127	0.0058			0.0864			0.0000		0.0182			0.0549	0.0762									
PIRATA Fr28	st037c01	B	2018-03-27T23:15:44z	 -10.001	 -2.001		  10.2	10	35.7477	4.538	198.10	 0.01	  0.080	0.070	  0.06	 0.90																															
PIRATA Fr28	st037c01	B	2018-03-27T23:15:44z	 -10.001	 -2.001		  10.4	 9	35.7482	4.557	198.91						0.0052	0.0091	0.0066	0.0075	0.0072				0.0123	0.0053			0.0886		0.0032	0.0044		0.0160			0.0562	0.0713									
PIRATA Fr28	st037c01	B	2018-03-27T23:15:44z	 -10.001	 -2.001		  20.6	 8	35.7486	4.549	198.59	 0.01	  0.050	0.040	  0.07	 0.89	0.0053	0.0100	0.0062	0.0081	0.0082				0.0134	0.0055			0.0970		0.0035	0.0059		0.0174			0.0605	0.0710									
PIRATA Fr28	st037c01	B	2018-03-27T23:15:44z	 -10.001	 -2.001		  40.1	 7	35.8726	4.747	207.11	 0.01	  0.020	0.010	  0.09	 1.16	0.0205	0.0315	0.0190	0.0217	0.0132				0.0647	0.0124	0.0037		0.1395		0.0101	0.0270			0.0385		0.1205	0.2559									
PIRATA Fr28	st037c01	B	2018-03-27T23:15:44z	 -10.001	 -2.001		  60.4	 6	35.7176	2.929	127.55	 0.47	 14.400	13.900	  0.98	 4.93	0.0751	0.0792	0.0171	0.1165	0.0363	0.0211	0.0166	0.0098	0.1457	0.0143	0.0031		0.0922		0.0872	0.2531		0.0671			0.1785	0.5725									
PIRATA Fr28	st037c01	B	2018-03-27T23:15:44z	 -10.001	 -2.001		  81.5	 5	35.5434	2.884	125.55	 0.12	 18.100	18.000	  1.15	 6.58	0.0407	0.0344	0.0056	0.0696	0.0235	0.0034	0.0051	0.0022	0.0502	0.0058	0.0016		0.0251		0.0979	0.0640		0.0330			0.0721	0.2051									
PIRATA Fr28	st037c01	B	2018-03-27T23:15:44z	 -10.001	 -2.001		 101.2	 4	35.5166	2.923	127.21	 0.04	 18.100	18.100	  1.17	 6.84	0.0427	0.0362		0.0732	0.0247				0.0528	0.0061			0.0264		0.1029	0.0673		0.0347			0.0757	0.2155									
PIRATA Fr28	st037c01	B	2018-03-27T23:15:44z	 -10.001	 -2.001		 504.9	 3	34.5322	3.346	145.55																																				
PIRATA Fr28	st037c01	B	2018-03-27T23:15:44z	 -10.001	 -2.001		1210.6	 2	34.8503	4.318	187.75																																				
PIRATA Fr28	st037c01	B	2018-03-27T23:15:44z	 -10.001	 -2.001		2021.4	 1	34.9625	5.715	248.41																																				
PIRATA Fr28	st038c01	B	2018-03-28T03:47:36z	 -10.002	 -1.501		   2.2	11	35.7290	4.564	199.23																																				
PIRATA Fr28	st038c01	B	2018-03-28T03:47:36z	 -10.002	 -1.501		   2.2	10	35.7295	4.565	199.29	 0.02	  0.030	0.010	  0.06	 0.96																															
PIRATA Fr28	st038c01	B	2018-03-28T03:47:36z	 -10.002	 -1.501		  10.5	 9	35.7340	4.563	199.17	 0.02	  0.030	0.010	  0.05	 0.93																															
PIRATA Fr28	st038c01	B	2018-03-28T03:47:36z	 -10.002	 -1.501		  20.2	 8	35.7374	4.562	199.12	 0.03	  0.080	0.050	  0.06	 0.89																															
PIRATA Fr28	st038c01	B	2018-03-28T03:47:36z	 -10.002	 -1.501		  40.2	 7	35.9146	4.669	203.70	 0.03	  0.040	0.010	  0.07	 1.03																															
PIRATA Fr28	st038c01	B	2018-03-28T03:47:36z	 -10.002	 -1.501		  60.4	 6	35.7398	2.946	128.33	 0.50	 14.000	13.500	  0.93	 4.92																															
PIRATA Fr28	st038c01	B	2018-03-28T03:47:36z	 -10.002	 -1.501		  80.0	 5	35.5029	3.006	130.83	 0.05	 17.800	17.700	  1.13	 6.73																															
PIRATA Fr28	st038c01	B	2018-03-28T03:47:36z	 -10.002	 -1.501		 100.4	 4	35.4851	2.895	126.01	 0.04	 18.600	18.600	  1.19	 7.18																															
PIRATA Fr28	st038c01	B	2018-03-28T03:47:36z	 -10.002	 -1.501		 503.0	 3	34.5874	3.332	144.95																																				
PIRATA Fr28	st038c01	B	2018-03-28T03:47:36z	 -10.002	 -1.501		1210.0	 2	34.8360	4.232	183.99																																				
PIRATA Fr28	st038c01	B	2018-03-28T03:47:36z	 -10.002	 -1.501		2022.0	 1	34.9623	5.727	248.95																																				
PIRATA Fr28	st039c01	B	2018-03-28T08:17:36z	 -10.001	 -1.000		   2.0	11	35.4433	4.551	198.72	 0.01	  0.000	0.000	  0.06	 0.89	0.0023	0.0091	0.0038	0.0049	0.0082			0.0026	0.0132	0.0055			0.1043		0.0052	0.0085		0.0193			0.0900	0.0928									
PIRATA Fr28	st039c01	B	2018-03-28T08:17:36z	 -10.001	 -1.000		  10.0	10	35.4401	4.504	196.67	 0.02	  0.020	0.000	  0.06	 0.90	0.0018	0.0093	0.0047	0.0050	0.0079			0.0027	0.0136	0.0054			0.1058		0.0069	0.0081		0.0205			0.0948	0.0844									
PIRATA Fr28	st039c01	B	2018-03-28T08:17:36z	 -10.001	 -1.000		  20.0	 9	35.4836	4.522	197.46	 0.02	  0.030	0.010	  0.03	 0.90	0.0025	0.0098	0.0051	0.0058	0.0081			0.0025	0.0163	0.0050			0.1003		0.0062	0.0097		0.0215			0.0917	0.0919									
PIRATA Fr28	st039c01	B	2018-03-28T08:17:36z	 -10.001	 -1.000		  40.0	 8	36.0210	4.586	200.06	 0.02	  0.000	0.000	  0.11	 1.23	0.0273	0.0386	0.0199	0.0259	0.0179			0.0018	0.0967	0.0107	0.0032		0.1313		0.0201	0.0315		0.0503			0.1853	0.3146		0.0056							
PIRATA Fr28	st039c01	B	2018-03-28T08:17:36z	 -10.001	 -1.000		  60.0	 7	35.7112	2.730	118.88	 0.40	 16.400	16.000	  1.04	 5.50	0.0556	0.0484	0.0115	0.0769	0.0261	0.0105	0.0204	0.0043	0.1127	0.0095	0.0031		0.0603		0.1091	0.1992		0.0521			0.1388	0.4225		0.0056							
PIRATA Fr28	st039c01	B	2018-03-28T08:17:36z	 -10.001	 -1.000		  80.0	 6	35.5190	2.881	125.47	 0.05	 18.000	18.000	  1.16	 6.96	0.0236	0.0241		0.0584	0.0157	0.0035	0.0064		0.0473	0.0043	0.0014		0.0192		0.0413	0.0259		0.0285			0.0594	0.1697									
PIRATA Fr28	st039c01	B	2018-03-28T08:17:36z	 -10.001	 -1.000		 100.0	 5	35.4852	2.945	128.18	 0.14	 17.900	17.800	  1.19	 6.74	0.0131	0.0110		0.0254	0.0079				0.0240	0.0024			0.0057		0.0312	0.0170		0.0092			0.0214	0.0681									
PIRATA Fr28	st039c01	B	2018-03-28T08:17:36z	 -10.001	 -1.000		 503.0	 4	34.6451	2.811	122.28																																				
PIRATA Fr28	st039c01	B	2018-03-28T08:17:36z	 -10.001	 -1.000		1210.0	 3	34.8573	4.357	189.42																																				
PIRATA Fr28	st039c01	B	2018-03-28T08:17:36z	 -10.001	 -1.000		2021.0	 2	34.9629	5.714	248.41																																				
PIRATA Fr28	st039c01	B	2018-03-28T08:17:36z	 -10.001	 -1.000		2020.0	 1	34.9617	5.715	248.43																																				
PIRATA Fr28	st040c01	B	2018-03-28T12:38:15z	 -10.000	 -0.501		   2.5	11	34.8678	4.516	197.30	 0.02	  0.020	0.000	  0.06	 0.94																															
PIRATA Fr28	st040c01	B	2018-03-28T12:38:15z	 -10.000	 -0.501		  10.6	10	34.8703	4.515	197.24	 0.02	  0.020	0.000	  0.04	 0.93																															
PIRATA Fr28	st040c01	B	2018-03-28T12:38:15z	 -10.000	 -0.501		  20.2	 9	35.1365	4.549	198.70	 0.02	  0.000	0.000	  0.06	 0.91																															
PIRATA Fr28	st040c01	B	2018-03-28T12:38:15z	 -10.000	 -0.501		  40.6	 8	36.1225	4.520	197.16	 0.02	  0.000	0.000	  0.16	 1.31																															
PIRATA Fr28	st040c01	B	2018-03-28T12:38:15z	 -10.000	 -0.501		  60.5	 7	36.1295	3.617	157.55	 0.37	  8.080	7.710	  0.67	 3.21																															
PIRATA Fr28	st040c01	B	2018-03-28T12:38:15z	 -10.000	 -0.501		  80.4	 6	35.7939	3.250	141.50	 0.19	 13.400	13.200	  0.97	 4.97																															
PIRATA Fr28	st040c01	B	2018-03-28T12:38:15z	 -10.000	 -0.501		 100.1	 5	35.6171	3.272	142.46	 0.07	 15.200	15.200	  1.07	 5.93																															
PIRATA Fr28	st040c01	B	2018-03-28T12:38:15z	 -10.000	 -0.501		 500.0	 4	34.6656	2.651	115.35																																				
PIRATA Fr28	st040c01	B	2018-03-28T12:38:15z	 -10.000	 -0.501		1211.0	 3	34.8078	4.114	178.89																																				
PIRATA Fr28	st040c01	B	2018-03-28T12:38:15z	 -10.000	 -0.501		2210.0	 2	34.8058	4.161	180.93																																				
PIRATA Fr28	st040c01	B	2018-03-28T12:38:15z	 -10.000	 -0.501		2020.6	 1	34.9611	5.745	249.75																																				
PIRATA Fr28	st041c01	B	2018-03-28T23:47:39z	  -9.868	 +0.018		   1.3	11	34.6643	4.533	197.88	 0.01	  0.000	0.000	  0.01	 0.86	0.0029	0.0059	0.0028	0.0054	0.0029				0.0168	0.0047			0.0973		0.0044	0.0063		0.0164			0.0538	0.0678									
PIRATA Fr28	st041c01	B	2018-03-28T23:47:39z	  -9.868	 +0.018		  20.2	10	35.0996	4.657	203.40	 0.01	  0.010	0.000	  0.06	 0.78	0.0056	0.0102	0.0051	0.0070	0.0047				0.0272	0.0063			0.1156		0.0057	0.0109		0.0206			0.0625	0.1155									
PIRATA Fr28	st041c01	B	2018-03-28T23:47:39z	  -9.868	 +0.018		  41.3	 9	36.2184	4.377	190.97	 0.01	  0.000	0.000	  0.18	 1.46	0.0362	0.0425	0.0086	0.0426	0.0144	0.0033	0.0054	0.0041	0.1081	0.0095	0.0017		0.0629		0.0246	0.0719		0.0325			0.1210	0.2823									
PIRATA Fr28	st041c01	B	2018-03-28T23:47:39z	  -9.868	 +0.018		  59.6	 8	36.2606	4.008	174.59	 0.25	  5.920	5.670	  0.51	 2.72	0.0631	0.0534	0.0085	0.0789	0.0330	0.0035	0.0074		0.1205	0.0097	0.0064		0.0155		0.0336	0.0718		0.0216			0.0427	0.3536									
PIRATA Fr28	st041c01	B	2018-03-28T23:47:39z	  -9.868	 +0.018		  80.7	 7	35.9019	3.789	164.98	 0.17	 10.100	9.950	  0.75	 3.98	0.0473	0.0381	0.0026	0.0786	0.0217	0.0019	0.0033		0.0737	0.0067	0.0025		0.0232		0.0553	0.0459		0.0251			0.0615	0.2309		0.0025							
PIRATA Fr28	st041c01	B	2018-03-28T23:47:39z	  -9.868	 +0.018		 100.9	 6	35.6171	3.636	158.32	 0.06	 13.500	13.410	  0.92	 5.20	0.0262	0.0191		0.0400	0.0086	0.0012	0.0016		0.0486	0.0038			0.0081		0.0663	0.0200		0.0185			0.0411	0.1159									
PIRATA Fr28	st041c01	B	2018-03-28T23:47:39z	  -9.868	 +0.018		 504.0	 5	34.6283	2.835	123.38																																				
PIRATA Fr28	st041c01	B	2018-03-28T23:47:39z	  -9.868	 +0.018		 805.4	 4	34.5385	3.376	146.89																																				
PIRATA Fr28	st041c01	B	2018-03-28T23:47:39z	  -9.868	 +0.018		1400.3	 3	34.9383	4.890	212.65																																				
PIRATA Fr28	st041c01	B	2018-03-28T23:47:39z	  -9.868	 +0.018		2833.7	 2	34.9133	5.538	240.80																																				
PIRATA Fr28	st041c01	B	2018-03-28T23:47:39z	  -9.868	 +0.018		4062.7	 1	34.8770	5.604	243.68																																				
PIRATA Fr28	st042c01	B	2018-03-29T19:21:51z	 -10.002	 +0.501		   3.0	11	34.5013	4.518	197.43	 0.01	  0.050	0.040	  0.02	 0.93																															
PIRATA Fr28	st042c01	B	2018-03-29T19:21:51z	 -10.002	 +0.501		  10.0	10	34.5018	4.518	197.44	 0.01	  0.070	0.060	  0.04	 0.89																															
PIRATA Fr28	st042c01	B	2018-03-29T19:21:51z	 -10.002	 +0.501		  20.0	 9	34.6583	4.586	200.39	 0.01	  0.060	0.050	  0.03	 0.87																															
PIRATA Fr28	st042c01	B	2018-03-29T19:21:51z	 -10.002	 +0.501		  40.0	 8	36.0324	4.552	198.51	 0.02	  0.060	0.040	  0.13	 1.33																															
PIRATA Fr28	st042c01	B	2018-03-29T19:21:51z	 -10.002	 +0.501		  60.0	 7	35.9868	3.341	145.50	 0.30	 11.200	10.900	  0.73	 4.17																															
PIRATA Fr28	st042c01	B	2018-03-29T19:21:51z	 -10.002	 +0.501		  80.0	 6	35.8359	3.591	156.33	 0.19	 11.900	11.700	  0.81	 4.68																															
PIRATA Fr28	st042c01	B	2018-03-29T19:21:51z	 -10.002	 +0.501		 100.0	 5	35.6588	3.625	157.82	 0.12	 13.200	13.100	  0.89	 5.23																															
PIRATA Fr28	st042c01	B	2018-03-29T19:21:51z	 -10.002	 +0.501		 504.0	 4	34.6141	2.870	124.85																																				
PIRATA Fr28	st042c01	B	2018-03-29T19:21:51z	 -10.002	 +0.501		 503.0	 3	34.6159	2.867	124.71																																				
PIRATA Fr28	st042c01	B	2018-03-29T19:21:51z	 -10.002	 +0.501		1210.0	 2	34.8118	4.096	178.10																																				
PIRATA Fr28	st042c01	B	2018-03-29T19:21:51z	 -10.002	 +0.501		2021.0	 1	34.9647	5.708	248.11																																				
PIRATA Fr28	st043c01	B	2018-03-30T00:04:59z	 -10.001	 +1.000		   2.5	11	34.5681	4.509	197.05	 0.01	  0.020	0.010	  0.03	 0.95	0.0019	0.0080	0.0020	0.0039	0.0034				0.0196	0.0048			0.0831		0.0038	0.0077		0.0146			0.0521	0.0680									
PIRATA Fr28	st043c01	B	2018-03-30T00:04:59z	 -10.001	 +1.000		  10.0	10	34.5736	4.511	197.14	 0.01	  0.030	0.020	  0.02	 0.93	0.0036	0.0072	0.0023	0.0043	0.0058				0.0274	0.0058			0.0857		0.0039	0.0067		0.0154			0.0532	0.0836									
PIRATA Fr28	st043c01	B	2018-03-30T00:04:59z	 -10.001	 +1.000		  20.0	 9	34.5911	4.517	197.39	 0.01	  0.010	0.000	  0.02	 0.93	0.0022	0.0061	0.0021	0.0043	0.0038				0.0189	0.0044			0.0775		0.0034	0.0074		0.0144			0.0514	0.0636									
PIRATA Fr28	st043c01	B	2018-03-30T00:04:59z	 -10.001	 +1.000		  40.0	 8	35.7701	4.472	195.05	 0.01	  0.070	0.060	  0.11	 1.21	0.0555	0.0612	0.0169	0.0599	0.0415	0.0080	0.0155	0.0090	0.1636	0.0179	0.0029		0.0674		0.0113	0.0917		0.0328			0.0977	0.4413									
PIRATA Fr28	st043c01	B	2018-03-30T00:04:59z	 -10.001	 +1.000		  60.0	 7	35.7535	2.906	126.58	 0.32	 14.200	13.900	  0.89	 4.18	0.0843	0.0606	0.0168	0.0603	0.1067	0.0059	0.0144		0.0944	0.0132	0.0026		0.0100		0.0177	0.0923		0.0198			0.0277	0.4315		0.0076							
PIRATA Fr28	st043c01	B	2018-03-30T00:04:59z	 -10.001	 +1.000		  80.8	 6	35.6477	3.069	133.64	 0.14	 15.900	15.700	  1.01	 5.97	0.0334	0.0204		0.0462	0.0281		0.0033		0.0449	0.0048			0.0072		0.0439	0.0208		0.0151			0.0292	0.1391		0.0034							
PIRATA Fr28	st043c01	B	2018-03-30T00:04:59z	 -10.001	 +1.000		 101.0	 5	35.5245	3.116	135.65	 0.04	 16.900	16.800	  1.08	 6.50	0.0195	0.0108		0.0291	0.0159				0.0336	0.0029			0.0040		0.0347	0.0157		0.0107			0.0206	0.0821									
PIRATA Fr28	st043c01	B	2018-03-30T00:04:59z	 -10.001	 +1.000		 101.0	 4	35.5259	3.123	135.94																																				
PIRATA Fr28	st043c01	B	2018-03-30T00:04:59z	 -10.001	 +1.000		 504.0	 3	34.6146	3.034	132.02																																				
PIRATA Fr28	st043c01	B	2018-03-30T00:04:59z	 -10.001	 +1.000		1210.0	 2	34.8536	4.319	187.84																																				
PIRATA Fr28	st043c01	B	2018-03-30T00:04:59z	 -10.001	 +1.000		2020.0	 1	34.9621	5.673	246.69																																				
PIRATA Fr28	st044c01	B	2018-03-30T04:46:03z	 -10.001	 +1.499		   3.0	11	34.7542	4.514	197.25	 0.01	  0.000	0.000	  0.02	 0.86																															
PIRATA Fr28	st044c01	B	2018-03-30T04:46:03z	 -10.001	 +1.499		  10.0	10	34.7507	4.509	197.05	 0.00	  0.000	0.000	  0.01	 0.84																															
PIRATA Fr28	st044c01	B	2018-03-30T04:46:03z	 -10.001	 +1.499		  20.0	 9	34.7711	4.511	197.15	 0.00	  0.000	0.000	  0.01	 0.87																															
PIRATA Fr28	st044c01	B	2018-03-30T04:46:03z	 -10.001	 +1.499		  40.0	 8	35.4424	4.672	203.94	 0.01	  0.000	0.000	  0.03	 0.99																															
PIRATA Fr28	st044c01	B	2018-03-30T04:46:03z	 -10.001	 +1.499		  61.0	 7	35.6106	2.943	128.14	 0.22	 16.680	16.460	  1.03	 6.17																															
PIRATA Fr28	st044c01	B	2018-03-30T04:46:03z	 -10.001	 +1.499		  81.0	 6	35.5419	2.990	130.15	 0.04	 17.130	17.090	  1.08	 6.70																															
PIRATA Fr28	st044c01	B	2018-03-30T04:46:03z	 -10.001	 +1.499		  81.0	 5	35.5426	2.989	130.11																																				
PIRATA Fr28	st044c01	B	2018-03-30T04:46:03z	 -10.001	 +1.499		 100.0	 4	35.5290	2.995	130.37	 0.03	 17.470	17.440	  1.11	 6.71																															
PIRATA Fr28	st044c01	B	2018-03-30T04:46:03z	 -10.001	 +1.499		 503.0	 3	34.6311	2.843	123.67																																				
PIRATA Fr28	st044c01	B	2018-03-30T04:46:03z	 -10.001	 +1.499		1210.0	 2	34.8391	4.197	182.50																																				
PIRATA Fr28	st044c01	B	2018-03-30T04:46:03z	 -10.001	 +1.499		2020.0	 1	34.9654	5.670	246.45																																				
