//ODV Spreadsheet file : /media/irdcampagnes/PIRATA/PIRATA-FR30/data-final/CHIMIE/PIRATAFR30_CHIMIE_odv.txt
//Data treated : 2024-04-09T14:06:20
//<InstrumentType>Chemical bottle analysis</InstrumentType>
//<Source>/media/irdcampagnes/PIRATA/PIRATA-FR30/data-final/CHIMIE/PIRATAFR30_CHIMIE.xlsx</Sources>
//<DataType>Bottles</DataType>
//<Creator>Pierre.Rousselot@ird.fr</Creator>
//
Cruise	Station	Type	yyyy-mm-ddThh:mm:ss	Longitude [degrees_east]	Latitude [degrees_north]	Bot. Depth [m]	DEPTH [m]	Bottle nb	PSAL [Psu]	DOX1 [ml/l]	DOX2 [micromole/kg]	NTIW [micromole/kg]	NTAW+NTIW [micromole/kg]	NTAW [micromole/kg]	PHOW [micromole/kg]	SLCW [micromole/kg]	CHC3 [microgramme/l]	CHCZ [microgramme/l]	PERP [microgramme/l]	BFUP [microgramme/l]	FUCP [microgramme/l]	NEXW [microgramme/l]	PXAP [microgramme/l]	VIOW [microgramme/l]	HFUP [microgramme/l]	DXAP [microgramme/l]	AXAP [microgramme/l]	TXAP [microgramme/l]	ZXAP [microgramme/l]	LUTW [microgramme/l]	CHBD [microgramme/l]	CH2P [microgramme/l]	CHLB [microgramme/l]	AACP [microgramme/l]	BBCP [microgramme/l]	PHEP [microgramme/l]	CHAD [microgramme/l]	CH1P [microgramme/l]	CPHL [microgramme/l]	PHEA [microgramme/l]	CXAP [microgramme/l]	ATXA [microgramme/l]	TEMP [°C]	PHPH [pH unit]	PHTP [°C]	ALKY [micromole/kg]
PIRATA-FR30	st001c01	B	2020-02-18T19:04:19z	 -23.010	+11.481		4061.0	21																																							
PIRATA-FR30	st001c01	B	2020-02-18T19:04:19z	 -23.010	+11.481		4061.0	20	34.8918	5.671	246.67																																				
PIRATA-FR30	st001c01	B	2020-02-18T19:04:19z	 -23.010	+11.481		4061.0	19	34.8901	5.620	244.40																																				
PIRATA-FR30	st001c01	B	2020-02-18T19:04:19z	 -23.010	+11.481		4061.0	18	34.8908	5.598	243.43																																				
PIRATA-FR30	st001c01	B	2020-02-18T19:04:19z	 -23.010	+11.481		4061.0	17	34.8931	5.598	243.43																																				
PIRATA-FR30	st001c01	B	2020-02-18T19:04:19z	 -23.010	+11.481		4061.0	16	34.8907	5.603	243.66																																				
PIRATA-FR30	st001c01	B	2020-02-18T19:04:19z	 -23.010	+11.481		4061.0	15	34.8924	5.616	244.23																																				
PIRATA-FR30	st001c01	B	2020-02-18T19:04:19z	 -23.010	+11.481		4061.0	14	34.8894	5.604	243.68																																				
PIRATA-FR30	st001c01	B	2020-02-18T19:04:19z	 -23.010	+11.481		4061.0	13	34.8922	5.611	244.00																																				
PIRATA-FR30	st001c01	B	2020-02-18T19:04:19z	 -23.010	+11.481		4061.0	12	34.8890	5.592	243.17																																				
PIRATA-FR30	st001c01	B	2020-02-18T19:04:19z	 -23.010	+11.481		4061.0	11	34.8895	5.610	243.92																																				
PIRATA-FR30	st001c01	B	2020-02-18T19:04:19z	 -23.010	+11.481		4061.0	10	34.8880	5.592	243.13																																				
PIRATA-FR30	st001c01	B	2020-02-18T19:04:19z	 -23.010	+11.481		4061.0	 9	34.8903	5.598	243.36																																				
PIRATA-FR30	st001c01	B	2020-02-18T19:04:19z	 -23.010	+11.481		4061.0	 8	34.8911	5.623	244.45																																				
PIRATA-FR30	st001c01	B	2020-02-18T19:04:19z	 -23.010	+11.481		4061.0	 7	34.8912	5.603	243.60																																				
PIRATA-FR30	st001c01	B	2020-02-18T19:04:19z	 -23.010	+11.481		4061.0	 6	34.8914	5.595	243.22																																				
PIRATA-FR30	st001c01	B	2020-02-18T19:04:19z	 -23.010	+11.481		4061.0	 5	34.8877	5.596	243.26																																				
PIRATA-FR30	st001c01	B	2020-02-18T19:04:19z	 -23.010	+11.481		4061.0	 4	34.8914	5.599	243.39																																				
PIRATA-FR30	st001c01	B	2020-02-18T19:04:19z	 -23.010	+11.481		4061.0	 3	34.8892	5.586	242.79																																				
PIRATA-FR30	st001c01	B	2020-02-18T19:04:19z	 -23.010	+11.481		4061.0	 2	34.8931	5.598	243.30																																				
PIRATA-FR30	st001c01	B	2020-02-18T19:04:19z	 -23.010	+11.481		4061.0	 1	34.8948	5.694	247.46																																				
PIRATA-FR30	st002c01	B	2020-02-19T11:47:28z	 -21.282	+10.000		   2.0	17	35.8621	4.721	205.98						0.0034	0.0051	0.0053	0.0022	0.0057			0.0021	0.0147	0.0104	0.0007	0.0027	0.0191			0.0041	0.0041		0.0082		0.0077	0.0614	0.0691	0.0024							
PIRATA-FR30	st002c01	B	2020-02-19T11:47:28z	 -21.282	+10.000		   5.0	16									0.0040	0.0058	0.0056	0.0025	0.0071			0.0022	0.0163	0.0115	0.0009	0.0020	0.0198			0.0047	0.0047		0.0081	0.0041	0.0081	0.0667	0.0748	0.0017							
PIRATA-FR30	st002c01	B	2020-02-19T11:47:28z	 -21.282	+10.000		  10.0	15	35.8649	4.716	205.76						0.0036	0.0053	0.0048	0.0025	0.0069			0.0021	0.0164	0.0110	0.0008	0.0029	0.0189			0.0046	0.0046		0.0084	0.0020	0.0062	0.0685	0.0747	0.0016							
PIRATA-FR30	st002c01	B	2020-02-19T11:47:28z	 -21.282	+10.000		  20.0	14	35.8653	4.729	206.32						0.0048	0.0065	0.0062	0.0029	0.0059			0.0019	0.0210	0.0085	0.0008	0.0015	0.0132			0.0071	0.0071		0.0058		0.0059	0.0659	0.0718	0.0014							
PIRATA-FR30	st002c01	B	2020-02-19T11:47:28z	 -21.282	+10.000		  30.0	13									0.0095	0.0177	0.0147	0.0109	0.0076			0.0019	0.0411	0.0124	0.0024	0.0013	0.0172			0.0137	0.0137		0.0088		0.0104	0.1206	0.1310	0.0019							
PIRATA-FR30	st002c01	B	2020-02-19T11:47:28z	 -21.282	+10.000		  41.0	12	35.8238	4.224	184.06						0.0567	0.0686	0.0424	0.0611	0.0384	0.0129	0.0076	0.0058	0.1809	0.0266	0.0136	0.0046	0.0183	0.0030		0.1150	0.1150		0.0215		0.0148	0.4565	0.4713	0.0076							
PIRATA-FR30	st002c01	B	2020-02-19T11:47:28z	 -21.282	+10.000		  51.0	11									0.0261	0.0208	0.0190	0.0210	0.0236	0.0062	0.0028	0.0015	0.0499	0.0051	0.0051		0.0086		0.0088	0.0427	0.0515	0.0113		0.0043	0.0134	0.1425	0.1559	0.0057							
PIRATA-FR30	st002c01	B	2020-02-19T11:47:28z	 -21.282	+10.000		  60.0	10	35.6243	2.363	102.88						0.0269	0.0161	0.0118	0.0204	0.0243	0.0024	0.0018	0.0007	0.0428	0.0039	0.0032		0.0048		0.0101	0.0225	0.0326	0.0070		0.0039	0.0076	0.1103	0.1179	0.0046							
PIRATA-FR30	st002c01	B	2020-02-19T11:47:28z	 -21.282	+10.000		  70.0	 9									0.0245	0.0127	0.0100	0.0207	0.0192	0.0022	0.0014		0.0405	0.0035	0.0023		0.0045		0.0072	0.0198	0.0270	0.0068			0.0059	0.0928	0.0987	0.0051							
PIRATA-FR30	st002c01	B	2020-02-19T11:47:28z	 -21.282	+10.000		  81.0	 8	35.5252	2.379	103.55						0.0164	0.0076	0.0050	0.0124	0.0118	0.0013			0.0295	0.0023	0.0012		0.0029		0.0039	0.0143	0.0182	0.0040			0.0034	0.0593	0.0627	0.0035							
PIRATA-FR30	st002c01	B	2020-02-19T11:47:28z	 -21.282	+10.000		  91.0	 7									0.0153	0.0056	0.0043	0.0111	0.0105	0.0010	0.0011		0.0263	0.0020	0.0013		0.0026		0.0044	0.0100	0.0144	0.0042			0.0029	0.0514	0.0543	0.0040							
PIRATA-FR30	st002c01	B	2020-02-19T11:47:28z	 -21.282	+10.000		 101.0	 6	35.4682	2.408	104.82						0.0121	0.0046	0.0017	0.0113	0.0073				0.0226	0.0016			0.0015		0.0034	0.0080	0.0114	0.0026			0.0023	0.0404	0.0427	0.0032							
PIRATA-FR30	st002c01	B	2020-02-19T11:47:28z	 -21.282	+10.000		 252.0	 5																																							
PIRATA-FR30	st002c01	B	2020-02-19T11:47:28z	 -21.282	+10.000		 505.0	 4	35.0080	1.000	 43.53																																				
PIRATA-FR30	st002c01	B	2020-02-19T11:47:28z	 -21.282	+10.000		 755.0	 3																																							
PIRATA-FR30	st002c01	B	2020-02-19T11:47:28z	 -21.282	+10.000		1001.0	 2	34.7657	2.948	128.19																																				
PIRATA-FR30	st002c01	B	2020-02-19T11:47:28z	 -21.282	+10.000		1000.0	 1	34.7689	2.950	128.31																																				
PIRATA-FR30	st003c01	B	2020-02-19T21:45:54z	 -20.115	 +9.001		   4.0	17	35.9102	4.618	201.58						0.0057	0.0071	0.0094	0.0028	0.0037			0.0014	0.0251	0.0094			0.0307			0.0058	0.0058		0.0140	0.0064	0.0121	0.1112	0.1233								
PIRATA-FR30	st003c01	B	2020-02-19T21:45:54z	 -20.115	 +9.001		   5.0	16									0.0052	0.0065	0.0095	0.0026	0.0035			0.0014	0.0217	0.0087			0.0280			0.0056	0.0056		0.0128	0.0057	0.0101	0.0942	0.1043								
PIRATA-FR30	st003c01	B	2020-02-19T21:45:54z	 -20.115	 +9.001		  10.0	15	35.9090	4.622	201.76						0.0050	0.0065	0.0094	0.0025	0.0036			0.0014	0.0217	0.0088			0.0277			0.0050	0.0050		0.0130	0.0052	0.0104	0.0942	0.1046								
PIRATA-FR30	st003c01	B	2020-02-19T21:45:54z	 -20.115	 +9.001		  21.0	14	35.9004	4.645	202.77						0.0053	0.0082	0.0079	0.0031	0.0038			0.0018	0.0272	0.0105	0.0335	0.0067	0.0067			0.0018	0.0018		0.0161	0.0056	0.0129	0.1226	0.1355								
PIRATA-FR30	st003c01	B	2020-02-19T21:45:54z	 -20.115	 +9.001		  31.0	13												0.0020	0.0017				0.0160	0.0057			0.0248			0.0073	0.0073		0.0239		0.0133	0.1629	0.1762	0.0024							
PIRATA-FR30	st003c01	B	2020-02-19T21:45:54z	 -20.115	 +9.001		  40.0	12	35.9060	4.648	202.65						0.0128	0.0210	0.0216	0.0090	0.0075	0.0026		0.0015	0.0501	0.0142	0.0016	0.0023	0.0365		0.0159		0.0159		0.0220		0.0206	0.1982	0.2188	0.0020							
PIRATA-FR30	st003c01	B	2020-02-19T21:45:54z	 -20.115	 +9.001		  50.0	11									0.0369	0.0429	0.0352	0.0290	0.0181	0.0054	0.0020	0.0045	0.1351	0.0201	0.0018		0.0411		0.0315		0.0315		0.0228		0.0353	0.2992	0.3345	0.0032							
PIRATA-FR30	st003c01	B	2020-02-19T21:45:54z	 -20.115	 +9.001		  61.0	10	35.7487	2.091	 91.05						0.0750	0.0641	0.0340	0.0822	0.0379	0.0206	0.0050	0.0069	0.1733	0.0178	0.0087		0.0171			0.1174	0.1174		0.0189		0.0289	0.4329	0.4618	0.0036							
PIRATA-FR30	st003c01	B	2020-02-19T21:45:54z	 -20.115	 +9.001		  71.0	 9									0.0417	0.0283	0.0081	0.0493	0.0240	0.0045	0.0032	0.0015	0.0816	0.0065	0.0032		0.0046		0.0116	0.0306	0.0422	0.0099			0.0164	0.1830	0.1994	0.0019							
PIRATA-FR30	st003c01	B	2020-02-19T21:45:54z	 -20.115	 +9.001		  81.0	 8	35.6266	1.815	 79.01						0.0233	0.0141	0.0041	0.0251	0.0129	0.0014	0.0014	0.0009	0.0457	0.0031	0.0008		0.0017		0.0083	0.0109	0.0192	0.0060			0.0067	0.0794	0.0861	0.0017							
PIRATA-FR30	st003c01	B	2020-02-19T21:45:54z	 -20.115	 +9.001		  91.0	 7									0.0155	0.0078	0.0022	0.0161	0.0082		0.0011		0.0325	0.0020			0.0013		0.0055	0.0080	0.0135	0.0036			0.0043	0.0509	0.0552								
PIRATA-FR30	st003c01	B	2020-02-19T21:45:54z	 -20.115	 +9.001		 101.0	 6	35.5964	1.825	 79.44						0.0122	0.0054	0.0018	0.0105	0.0054		0.0009		0.0275	0.0015			0.0009		0.0029	0.0066	0.0095	0.0021				0.0360	0.0360								
PIRATA-FR30	st003c01	B	2020-02-19T21:45:54z	 -20.115	 +9.001		 251.0	 5									0.0100	0.0047	0.0027	0.0086	0.0046		0.0009		0.0234	0.0013			0.0012		0.0026	0.0070	0.0096	0.0021				0.0312	0.0312								
PIRATA-FR30	st003c01	B	2020-02-19T21:45:54z	 -20.115	 +9.001		 503.0	 4	34.9702	1.046	 45.52																																				
PIRATA-FR30	st003c01	B	2020-02-19T21:45:54z	 -20.115	 +9.001		 760.0	 3	34.7331	1.995	 86.78																																				
PIRATA-FR30	st003c01	B	2020-02-19T21:45:54z	 -20.115	 +9.001		 758.0	 2	34.7342	1.021	 44.41																																				
PIRATA-FR30	st003c01	B	2020-02-19T21:45:54z	 -20.115	 +9.001		1007.0	 1	34.7632	2.871	124.87																																				
PIRATA-FR30	st004c01	B	2020-02-20T07:21:36z	 -18.965	 +7.999		   3.0	17	35.9445	4.608	201.12						0.0073	0.0102	0.0083	0.0048	0.0046			0.0024	0.0331	0.0090			0.0353			0.0109	0.0109		0.0160		0.0132	0.1332	0.1464	0.0037							
PIRATA-FR30	st004c01	B	2020-02-20T07:21:36z	 -18.965	 +7.999		   5.0	16									0.0066	0.0102	0.0063	0.0044	0.0048			0.0022	0.0306	0.0081			0.0297			0.0102	0.0102		0.0139		0.0145	0.1131	0.1276	0.0033							
PIRATA-FR30	st004c01	B	2020-02-20T07:21:36z	 -18.965	 +7.999		  10.0	15	35.9453	4.598	200.72						0.0068	0.0094	0.0061	0.0041	0.0037	0.0022			0.0297	0.0076			0.0312			0.0102	0.0102		0.0128		0.0163	0.1106	0.1269	0.0031							
PIRATA-FR30	st004c01	B	2020-02-20T07:21:36z	 -18.965	 +7.999		  20.0	14	35.9202	4.676	204.08						0.0065	0.0102	0.0076	0.0046	0.0042	0.0010		0.0019	0.0287	0.0087			0.0352			0.0108	0.0108		0.0156		0.0130	0.1276	0.1406	0.0027							
PIRATA-FR30	st004c01	B	2020-02-20T07:21:36z	 -18.965	 +7.999		  30.0	13									0.0162	0.0228	0.0232	0.0118	0.0090	0.0034		0.0038	0.0601	0.0124	0.0010		0.0357			0.0264	0.0264		0.0166		0.0264	0.1830	0.2094	0.0021							
PIRATA-FR30	st004c01	B	2020-02-20T07:21:36z	 -18.965	 +7.999		  40.0	12	35.8370	4.590	200.35						0.0437	0.0446	0.0461	0.0259	0.0171	0.0050	0.0009	0.0050	0.1507	0.0188	0.0016		0.0299			0.0540	0.0540		0.0200		0.0328	0.3121	0.3449	0.0045							
PIRATA-FR30	st004c01	B	2020-02-20T07:21:36z	 -18.965	 +7.999		  51.0	11									0.0880	0.0707	0.0523	0.0709	0.0498	0.0241	0.0081	0.0078	0.2098	0.0209	0.0064		0.0170			0.1563	0.1563		0.0232		0.0283	0.5219	0.5502	0.0058							
PIRATA-FR30	st004c01	B	2020-02-20T07:21:36z	 -18.965	 +7.999		  60.0	10	35.8344	2.508	109.25						0.0338	0.0233	0.0107	0.0295	0.0241	0.0075	0.0061	0.0022	0.0745	0.0060	0.0028		0.0062		0.0087	0.0440	0.0527	0.0078			0.0143	0.1786	0.1929	0.0026							
PIRATA-FR30	st004c01	B	2020-02-20T07:21:36z	 -18.965	 +7.999		  71.0	 9									0.0355	0.0244	0.0113	0.0310	0.0253	0.0079	0.0064	0.0023	0.0782	0.0062	0.0030		0.0065		0.0091	0.0462	0.0553	0.0082			0.0150	0.1874	0.2024	0.0027							
PIRATA-FR30	st004c01	B	2020-02-20T07:21:36z	 -18.965	 +7.999		  81.0	 8	35.6684	1.924	 83.77						0.0184	0.0098	0.0050	0.0166	0.0147	0.0029	0.0019		0.0390	0.0025	0.0011		0.0033		0.0065	0.0156	0.0221	0.0054			0.0096	0.0797	0.0893	0.0019							
PIRATA-FR30	st004c01	B	2020-02-20T07:21:36z	 -18.965	 +7.999		  91.0	 7									0.0121	0.0055	0.0026	0.0121	0.0089	0.0024	0.0011		0.0265	0.0015			0.0023		0.0042	0.0114	0.0156	0.0032			0.0064	0.0459	0.0523	0.0015							
PIRATA-FR30	st004c01	B	2020-02-20T07:21:36z	 -18.965	 +7.999		 100.0	 6	35.5972	1.723	 75.01						0.0089	0.0046		0.0110	0.0079				0.0228	0.0014			0.0019		0.0032	0.0092	0.0124	0.0020				0.0365	0.0365								
PIRATA-FR30	st004c01	B	2020-02-20T07:21:36z	 -18.965	 +7.999		 252.0	 5																																							
PIRATA-FR30	st004c01	B	2020-02-20T07:21:36z	 -18.965	 +7.999		 503.0	 4	35.0692	0.937	 40.77																																				
PIRATA-FR30	st004c01	B	2020-02-20T07:21:36z	 -18.965	 +7.999		 504.0	 3	35.0690	0.955	 41.53																																				
PIRATA-FR30	st004c01	B	2020-02-20T07:21:36z	 -18.965	 +7.999		 755.0	 2	34.7899	1.785	 77.66																																				
PIRATA-FR30	st004c01	B	2020-02-20T07:21:36z	 -18.965	 +7.999		1007.0	 1	34.7670	3.044	132.39																																				
PIRATA-FR30	st006c01	B	2020-02-23T21:29:31z	  -9.887	 +0.034		   4.0	12	35.5369	4.527	197.68						0.0029	0.0068	0.0035	0.0049	0.0048			0.0008	0.0196	0.0092			0.1230		0.0043	0.0033	0.0076		0.0234		0.0559	0.0920	0.1479	0.0027							
PIRATA-FR30	st006c01	B	2020-02-23T21:29:31z	  -9.887	 +0.034		  20.0	11																																							
PIRATA-FR30	st006c01	B	2020-02-23T21:29:31z	  -9.887	 +0.034		  20.0	10	35.7390	4.548	198.53						0.0035	0.0069	0.0026	0.0063	0.0048				0.0208	0.0068			0.0887		0.0046	0.0049	0.0095		0.0160		0.0540	0.0759	0.1299	0.0025							
PIRATA-FR30	st006c01	B	2020-02-23T21:29:31z	  -9.887	 +0.034		  40.0	 9	36.4708	4.345	189.40						0.0629	0.0509	0.0079	0.0789	0.0146	0.0026	0.0034	0.0016	0.1866	0.0150			0.0343		0.0177	0.0445	0.0622	0.0171			0.0528	0.2689	0.3217								
PIRATA-FR30	st006c01	B	2020-02-23T21:29:31z	  -9.887	 +0.034		  60.0	 8	36.1380	4.073	177.40						0.0576	0.0402	0.0042	0.0836	0.0158	0.0087	0.0079	0.0022	0.1163	0.0088	0.0020		0.0423		0.0553	0.0797	0.1350	0.0240			0.0815	0.2477	0.3292	0.0057							
PIRATA-FR30	st006c01	B	2020-02-23T21:29:31z	  -9.887	 +0.034		  81.0	 7	35.7225	3.664	159.51						0.0411	0.0272	0.0026	0.0655	0.0141	0.0025	0.0017	0.0007	0.0750	0.0060	0.0023		0.0237		0.0672	0.0201	0.0873	0.0193			0.0557	0.1568	0.2125	0.0032							
PIRATA-FR30	st006c01	B	2020-02-23T21:29:31z	  -9.887	 +0.034		 100.0	 6	35.6198	3.647	158.77						0.0287	0.0185		0.0471	0.0101	0.0011			0.0519	0.0041	0.0013		0.0151		0.0531	0.0127	0.0658	0.0152			0.0405	0.1028	0.1433	0.0028							
PIRATA-FR30	st006c01	B	2020-02-23T21:29:31z	  -9.887	 +0.034		 100.0	 5	35.6163	3.657	159.16																																				
PIRATA-FR30	st006c01	B	2020-02-23T21:29:31z	  -9.887	 +0.034		 202.0	 4																																							
PIRATA-FR30	st006c01	B	2020-02-23T21:29:31z	  -9.887	 +0.034		 302.0	 3	35.0142	2.386	103.80																																				
PIRATA-FR30	st006c01	B	2020-02-23T21:29:31z	  -9.887	 +0.034		 404.0	 2																																							
PIRATA-FR30	st006c01	B	2020-02-23T21:29:31z	  -9.887	 +0.034		 505.0	 1	34.5853	3.092	134.48																																				
PIRATA-FR30	st007c01	B	2020-02-26T06:13:22z	  -0.008	 +0.014		   4.0	17	34.6167	4.434	193.79																		0.0000																		
PIRATA-FR30	st007c01	B	2020-02-26T06:13:22z	  -0.008	 +0.014		  10.0	16	34.6165								0.0032	0.0058	0.0043	0.0033	0.0033			0.0017	0.0172	0.0040			0.0131			0.0027	0.0027		0.0039		0.0079	0.0417	0.0496								
PIRATA-FR30	st007c01	B	2020-02-26T06:13:22z	  -0.008	 +0.014		  20.0	15	34.8593	4.525	197.72						0.0048	0.0070	0.0063	0.0035	0.0038			0.0018	0.0214	0.0053			0.0159			0.0034	0.0034		0.0051		0.0082	0.0503	0.0585								
PIRATA-FR30	st007c01	B	2020-02-26T06:13:22z	  -0.008	 +0.014		  41.0	14	36.9744								0.0055	0.0066	0.0064	0.0045	0.0034			0.0015	0.0212	0.0038			0.0129			0.0041	0.0041	0.0040			0.0076	0.0494	0.0570								
PIRATA-FR30	st007c01	B	2020-02-26T06:13:22z	  -0.008	 +0.014		  61.0	13	36.1197	3.859	168.10						0.0509	0.0455	0.0275	0.0449	0.0255	0.0072	0.0077	0.0036	0.1719	0.0157	0.0045		0.0064			0.0498	0.0498	0.0125				0.3256	0.3256	0.0042							
PIRATA-FR30	st007c01	B	2020-02-26T06:13:22z	  -0.008	 +0.014		  81.0	12	35.8029								0.0330	0.0257	0.0096	0.0387	0.0156	0.0052	0.0028	0.0016	0.0924	0.0063	0.0052		0.0051		0.0056	0.0247	0.0303	0.0082			0.0153	0.1713	0.1866	0.0029							
PIRATA-FR30	st007c01	B	2020-02-26T06:13:22z	  -0.008	 +0.014		 100.0	11	35.7138	3.657	159.24						0.0295	0.0185	0.0031	0.0466	0.0107	0.0023	0.0021	0.0012	0.0496	0.0042	0.0008		0.0157			0.1071	0.1071		0.0199		0.0585	0.1068	0.1653	0.0027							
PIRATA-FR30	st007c01	B	2020-02-26T06:13:22z	  -0.008	 +0.014		 201.0	10	35.4479																																						
PIRATA-FR30	st007c01	B	2020-02-26T06:13:22z	  -0.008	 +0.014		 303.0	 9	35.0198	1.600	 69.62																																				
PIRATA-FR30	st007c01	B	2020-02-26T06:13:22z	  -0.008	 +0.014		 504.0	 8	34.6313	2.684	116.77																																				
PIRATA-FR30	st007c01	B	2020-02-26T06:13:22z	  -0.008	 +0.014		 756.0	 7	34.5033	3.373	146.72																																				
PIRATA-FR30	st007c01	B	2020-02-26T06:13:22z	  -0.008	 +0.014		 756.0	 6	34.5018	3.382	147.10																																				
PIRATA-FR30	st007c01	B	2020-02-26T06:13:22z	  -0.008	 +0.014		1007.0	 5	34.6534	3.646	158.55																																				
PIRATA-FR30	st007c01	B	2020-02-26T06:13:22z	  -0.008	 +0.014		1007.0	 4	34.6562																																						
PIRATA-FR30	st007c01	B	2020-02-26T06:13:22z	  -0.008	 +0.014		1514.0	 3	34.9510	5.080	220.87																																				
PIRATA-FR30	st007c01	B	2020-02-26T06:13:22z	  -0.008	 +0.014		1768.0	 2	34.9710																																						
PIRATA-FR30	st007c01	B	2020-02-26T06:13:22z	  -0.008	 +0.014		2022.0	 1	34.9585	5.638	245.07																																				
PIRATA-FR30	st008c01	B	2020-02-26T20:45:44z	  +0.003	 +0.662		   3.0	12	34.6401	4.429	193.61						0.0040	0.0045	0.0034	0.0034	0.0052				0.0193	0.0046			0.0318			0.0060	0.0060		0.0066		0.0098	0.0447	0.0545								
PIRATA-FR30	st008c01	B	2020-02-26T20:45:44z	  +0.003	 +0.662		  11.0	11									0.0030	0.0045	0.0038	0.0033	0.0058				0.0173	0.0041			0.0224			0.0058	0.0058		0.0047		0.0070	0.0395	0.0465								
PIRATA-FR30	st008c01	B	2020-02-26T20:45:44z	  +0.003	 +0.662		  20.0	10	34.6406	4.435	193.86						0.0025	0.0044	0.0030	0.0035	0.0053				0.0187	0.0039			0.0237			0.0055	0.0055		0.0052		0.0077	0.0396	0.0473								
PIRATA-FR30	st008c01	B	2020-02-26T20:45:44z	  +0.003	 +0.662		  41.0	 9	35.9405	4.726	206.07						0.0073	0.0114	0.0098	0.0080	0.0079				0.0345	0.0050	0.0009		0.0350		0.0045	0.0135	0.0180	0.0088			0.0219	0.0858	0.1077	0.0016							
PIRATA-FR30	st008c01	B	2020-02-26T20:45:44z	  +0.003	 +0.662		  61.0	 8	35.9152	3.372	146.89						0.0501	0.0349	0.0098	0.0592	0.0267	0.0094	0.0090	0.0035	0.1126	0.0101	0.0046		0.0152		0.0136	0.0605	0.0741	0.0128			0.0286	0.2419	0.2705	0.0030							
PIRATA-FR30	st008c01	B	2020-02-26T20:45:44z	  +0.003	 +0.662		  61.0	 7	35.9153	3.373	146.92																																				
PIRATA-FR30	st008c01	B	2020-02-26T20:45:44z	  +0.003	 +0.662		  81.0	 6	35.7892	3.380	147.14						0.0251	0.0128	0.0027	0.0310	0.0129	0.0040	0.0025	0.0016	0.0478	0.0034			0.0067		0.0215	0.0193	0.0408	0.0079			0.0189	0.0851	0.1040	0.0016							
PIRATA-FR30	st008c01	B	2020-02-26T20:45:44z	  +0.003	 +0.662		 101.0	 5	35.6775	3.337	145.26						0.0100	0.0059		0.0159	0.0071				0.0257	0.0014			0.0028		0.0062	0.0060	0.0122	0.0035			0.0061	0.0378	0.0439	0.0013							
PIRATA-FR30	st008c01	B	2020-02-26T20:45:44z	  +0.003	 +0.662		 202.0	 4	35.4400	2.481	108.00																																				
PIRATA-FR30	st008c01	B	2020-02-26T20:45:44z	  +0.003	 +0.662		 302.0	 3	35.0477	1.525	 66.33																																				
PIRATA-FR30	st008c01	B	2020-02-26T20:45:44z	  +0.003	 +0.662		 403.0	 2	34.8588	1.682	 73.16																																				
PIRATA-FR30	st008c01	B	2020-02-26T20:45:44z	  +0.003	 +0.662		 504.0	 1	34.6459	2.628	114.33																																				
PIRATA-FR30	st009c01	B	2020-02-27T03:06:01z	  +0.001	 +0.330		   2.0	12	34.5690	4.420	193.24																																				
PIRATA-FR30	st009c01	B	2020-02-27T03:06:01z	  +0.001	 +0.330		  13.0	11																																							
PIRATA-FR30	st009c01	B	2020-02-27T03:06:01z	  +0.001	 +0.330		  22.0	10	34.6286	4.441	194.14																																				
PIRATA-FR30	st009c01	B	2020-02-27T03:06:01z	  +0.001	 +0.330		  42.0	 9	35.9101	4.433	193.28																																				
PIRATA-FR30	st009c01	B	2020-02-27T03:06:01z	  +0.001	 +0.330		  42.0	 8	35.9115	4.414	192.43																																				
PIRATA-FR30	st009c01	B	2020-02-27T03:06:01z	  +0.001	 +0.330		  60.0	 7	36.1022	3.939	171.59																																				
PIRATA-FR30	st009c01	B	2020-02-27T03:06:01z	  +0.001	 +0.330		  82.0	 6	35.8075	3.607	157.09																																				
PIRATA-FR30	st009c01	B	2020-02-27T03:06:01z	  +0.001	 +0.330		 100.0	 5	35.7017	3.515	153.08																																				
PIRATA-FR30	st009c01	B	2020-02-27T03:06:01z	  +0.001	 +0.330		 202.0	 4	35.4778	2.581	112.36																																				
PIRATA-FR30	st009c01	B	2020-02-27T03:06:01z	  +0.001	 +0.330		 302.0	 3	35.0259	1.537	 66.90																																				
PIRATA-FR30	st009c01	B	2020-02-27T03:06:01z	  +0.001	 +0.330		 400.0	 2	34.8458	1.636	 71.19																																				
PIRATA-FR30	st009c01	B	2020-02-27T03:06:01z	  +0.001	 +0.330		 505.0	 1	34.6371	2.684	116.75																																				
PIRATA-FR30	st010c01	B	2020-02-27T20:15:53z	  -0.001	 -0.500		   4.0	12	34.6853	4.479	195.80																																				
PIRATA-FR30	st010c01	B	2020-02-27T20:15:53z	  -0.001	 -0.500		  16.0	11	34.8876	4.547	198.71																																				
PIRATA-FR30	st010c01	B	2020-02-27T20:15:53z	  -0.001	 -0.500		  20.0	10	35.3902	4.685	204.54																																				
PIRATA-FR30	st010c01	B	2020-02-27T20:15:53z	  -0.001	 -0.500		  20.0	 9	35.3980	4.682	204.42																																				
PIRATA-FR30	st010c01	B	2020-02-27T20:15:53z	  -0.001	 -0.500		  40.0	 8	36.4481	4.378	190.78																																				
PIRATA-FR30	st010c01	B	2020-02-27T20:15:53z	  -0.001	 -0.500		  60.0	 7	35.9290	3.713	161.67																																				
PIRATA-FR30	st010c01	B	2020-02-27T20:15:53z	  -0.001	 -0.500		  81.0	 6	35.7893	3.626	157.86																																				
PIRATA-FR30	st010c01	B	2020-02-27T20:15:53z	  -0.001	 -0.500		 101.0	 5																																							
PIRATA-FR30	st010c01	B	2020-02-27T20:15:53z	  -0.001	 -0.500		 202.0	 4	35.4252	2.401	104.50																																				
PIRATA-FR30	st010c01	B	2020-02-27T20:15:53z	  -0.001	 -0.500		 302.0	 3	35.0324	1.568	 68.21																																				
PIRATA-FR30	st010c01	B	2020-02-27T20:15:53z	  -0.001	 -0.500		 403.0	 2	34.8841	1.612	 70.15																																				
PIRATA-FR30	st010c01	B	2020-02-27T20:15:53z	  -0.001	 -0.500		 503.0	 1	34.6571	2.545	110.72																																				
PIRATA-FR30	st011c01	B	2020-02-28T00:13:33z	  -0.000	 -1.002		   2.0	12																																							
PIRATA-FR30	st011c01	B	2020-02-28T00:13:33z	  -0.000	 -1.002		  12.0	11	35.2707	5.410	236.34						0.0041	0.0056	0.0071	0.0031	0.0049			0.0018	0.0161	0.0064			0.0210			0.0042	0.0042		0.0052		0.0101	0.0491	0.0592								
PIRATA-FR30	st011c01	B	2020-02-28T00:13:33z	  -0.000	 -1.002		  12.0	10	35.2714	4.511	197.06																																				
PIRATA-FR30	st011c01	B	2020-02-28T00:13:33z	  -0.000	 -1.002		  23.0	 9	35.6094	4.534	197.98						0.0047	0.0051	0.0055	0.0035	0.0046			0.0014	0.0164	0.0048			0.0115			0.0052	0.0052		0.0041		0.0071	0.0432	0.0503								
PIRATA-FR30	st011c01	B	2020-02-28T00:13:33z	  -0.000	 -1.002		  42.0	 8	36.1457	4.486	195.54						0.0228	0.0195	0.0121	0.0144	0.0094			0.0020	0.0766	0.0095			0.0206		0.0035	0.0250	0.0285	0.0090			0.0190	0.1315	0.1505								
PIRATA-FR30	st011c01	B	2020-02-28T00:13:33z	  -0.000	 -1.002		  61.0	 7	36.0844	3.723	162.18						0.0414	0.0245	0.0062	0.0453	0.0172	0.0043	0.0038	0.0028	0.1066	0.0075	0.0022		0.0061		0.0067	0.0421	0.0488	0.0074			0.0166	0.1794	0.1960								
PIRATA-FR30	st011c01	B	2020-02-28T00:13:33z	  -0.000	 -1.002		  82.0	 6	35.7824	3.315	144.34						0.0248	0.0134	0.0042	0.0216	0.0137	0.0019	0.0025	0.0013	0.0546	0.0039	0.0013		0.0038		0.0056	0.0208	0.0264	0.0049			0.0086	0.0930	0.1016	0.0032							
PIRATA-FR30	st011c01	B	2020-02-28T00:13:33z	  -0.000	 -1.002		 100.0	 5	35.7155	3.275	142.56						0.0196	0.0101	0.0026	0.0185	0.0095	0.0010	0.0018	0.0014	0.0405	0.0027	0.0006		0.0022		0.0052	0.0139	0.0191	0.0035			0.0067	0.0630	0.0697	0.0023							
PIRATA-FR30	st011c01	B	2020-02-28T00:13:33z	  -0.000	 -1.002		 202.0	 4	35.3614	2.181	 94.91																																				
PIRATA-FR30	st011c01	B	2020-02-28T00:13:33z	  -0.000	 -1.002		 302.0	 3																																							
PIRATA-FR30	st011c01	B	2020-02-28T00:13:33z	  -0.000	 -1.002		 403.0	 2	34.8644	1.737	 75.56																																				
PIRATA-FR30	st011c01	B	2020-02-28T00:13:33z	  -0.000	 -1.002		 505.0	 1	34.6713	2.468	107.37																																				
PIRATA-FR30	st012c01	B	2020-02-28T04:13:37z	  +0.001	 -1.500		   3.0	12																																							
PIRATA-FR30	st012c01	B	2020-02-28T04:13:37z	  +0.001	 -1.500		   3.0	11	35.3135	4.482	195.79																																				
PIRATA-FR30	st012c01	B	2020-02-28T04:13:37z	  +0.001	 -1.500		  10.0	10																																							
PIRATA-FR30	st012c01	B	2020-02-28T04:13:37z	  +0.001	 -1.500		  20.0	 9	35.9198	4.573	199.56																																				
PIRATA-FR30	st012c01	B	2020-02-28T04:13:37z	  +0.001	 -1.500		  40.0	 8	35.9796	4.272	186.19																																				
PIRATA-FR30	st012c01	B	2020-02-28T04:13:37z	  +0.001	 -1.500		  61.0	 7	35.9144	3.233	140.78																																				
PIRATA-FR30	st012c01	B	2020-02-28T04:13:37z	  +0.001	 -1.500		  80.0	 6	35.7270	3.125	136.06																																				
PIRATA-FR30	st012c01	B	2020-02-28T04:13:37z	  +0.001	 -1.500		 100.0	 5																																							
PIRATA-FR30	st012c01	B	2020-02-28T04:13:37z	  +0.001	 -1.500		 202.0	 4	35.3795	2.116	 92.08																																				
PIRATA-FR30	st012c01	B	2020-02-28T04:13:37z	  +0.001	 -1.500		 303.0	 3																																							
PIRATA-FR30	st012c01	B	2020-02-28T04:13:37z	  +0.001	 -1.500		 402.0	 2	34.8322	1.835	 79.85																																				
PIRATA-FR30	st012c01	B	2020-02-28T04:13:37z	  +0.001	 -1.500		 504.0	 1	34.6634	2.519	109.56																																				
PIRATA-FR30	st013c01	B	2020-02-28T08:22:30z	  +0.000	 -1.999		   4.0	15	35.1022	4.489	196.14						0.0046	0.0073	0.0060	0.0038	0.0123			0.0023	0.0194	0.0112		0.0012	0.0335			0.0076	0.0076		0.0115		0.0214	0.0856	0.1070	0.0021							
PIRATA-FR30	st013c01	B	2020-02-28T08:22:30z	  +0.000	 -1.999		  10.0	14									0.0052	0.0101	0.0061	0.0043	0.0138			0.0028	0.0239	0.0098			0.0270		0.0025	0.0084	0.0109		0.0111		0.0182	0.0845	0.1027	0.0020							
PIRATA-FR30	st013c01	B	2020-02-28T08:22:30z	  +0.000	 -1.999		  20.0	13	35.5113	4.546	198.52						0.0062	0.0109	0.0075	0.0052	0.0117	0.0010	0.0025	0.0268	0.0080				0.0290		0.0023	0.0107	0.0130		0.0098		0.0209	0.0829	0.1038	0.0022							
PIRATA-FR30	st013c01	B	2020-02-28T08:22:30z	  +0.000	 -1.999		  20.0	12																																							
PIRATA-FR30	st013c01	B	2020-02-28T08:22:30z	  +0.000	 -1.999		  40.0	11	36.0232	3.324	144.76						0.0468	0.0403	0.0160	0.0567	0.0330	0.0098	0.0088	0.0041	0.1172	0.0126	0.0048		0.0177		0.0137	0.0621	0.0758		0.0182		0.0311	0.2709	0.3020	0.0045							
PIRATA-FR30	st013c01	B	2020-02-28T08:22:30z	  +0.000	 -1.999		  61.0	10	35.8330	3.006	130.89						0.0260	0.0180	0.0034	0.0350	0.0251		0.0058		0.0623	0.0051	0.0008		0.0094		0.0187	0.0132	0.0319	0.0095			0.0211	0.1138	0.1349	0.0028							
PIRATA-FR30	st013c01	B	2020-02-28T08:22:30z	  +0.000	 -1.999		  80.0	 9	35.7946	3.286	143.08						0.0244	0.0135	0.0022	0.0275	0.0167				0.0544	0.0039			0.0067		0.0252	0.0144	0.0396	0.0089			0.0176	0.0867	0.1043	0.0026							
PIRATA-FR30	st013c01	B	2020-02-28T08:22:30z	  +0.000	 -1.999		 101.0	 8	35.7147	3.156	137.39						0.0069	0.0052	0.0012	0.0098	0.0066				0.0144	0.0016			0.0033		0.0061	0.0054	0.0115	0.0029			0.0046	0.0255	0.0301	0.0020							
PIRATA-FR30	st013c01	B	2020-02-28T08:22:30z	  +0.000	 -1.999		 202.0	 7	35.4331	2.068	 90.00																																				
PIRATA-FR30	st013c01	B	2020-02-28T08:22:30z	  +0.000	 -1.999		 301.0	 6	34.9800	2.027	 88.19																																				
PIRATA-FR30	st013c01	B	2020-02-28T08:22:30z	  +0.000	 -1.999		 301.0	 5																																							
PIRATA-FR30	st013c01	B	2020-02-28T08:22:30z	  +0.000	 -1.999		 402.0	 4	34.8115	1.832	 79.71																																				
PIRATA-FR30	st013c01	B	2020-02-28T08:22:30z	  +0.000	 -1.999		 402.0	 3																																							
PIRATA-FR30	st013c01	B	2020-02-28T08:22:30z	  +0.000	 -1.999		 504.0	 2	34.6204	2.661	115.74																																				
PIRATA-FR30	st013c01	B	2020-02-28T08:22:30z	  +0.000	 -1.999		 504.0	 1	34.6202	2.679	116.53																																				
PIRATA-FR30	st014c01	B	2020-02-28T12:22:06z	  -0.002	 -2.498		   2.0	12	34.8437	4.536	198.23																																				
PIRATA-FR30	st014c01	B	2020-02-28T12:22:06z	  -0.002	 -2.498		  13.0	11																																							
PIRATA-FR30	st014c01	B	2020-02-28T12:22:06z	  -0.002	 -2.498		  22.0	10	35.4545	4.666	203.75																																				
PIRATA-FR30	st014c01	B	2020-02-28T12:22:06z	  -0.002	 -2.498		  42.0	 9	35.0037	3.216	140.20																																				
PIRATA-FR30	st014c01	B	2020-02-28T12:22:06z	  -0.002	 -2.498		  63.0	 8	35.8057	2.909	126.65																																				
PIRATA-FR30	st014c01	B	2020-02-28T12:22:06z	  -0.002	 -2.498		  82.0	 7	35.7363	2.980	129.75																																				
PIRATA-FR30	st014c01	B	2020-02-28T12:22:06z	  -0.002	 -2.498		 100.0	 6	35.7056	2.986	130.00																																				
PIRATA-FR30	st014c01	B	2020-02-28T12:22:06z	  -0.002	 -2.498		 201.0	 5	35.4436	2.240	 97.50																																				
PIRATA-FR30	st014c01	B	2020-02-28T12:22:06z	  -0.002	 -2.498		 301.0	 4	35.0635	1.535	 66.82																																				
PIRATA-FR30	st014c01	B	2020-02-28T12:22:06z	  -0.002	 -2.498		 404.0	 3	34.7702	1.670	 72.64																																				
PIRATA-FR30	st014c01	B	2020-02-28T12:22:06z	  -0.002	 -2.498		 403.0	 2	34.7689	1.692	 73.61																																				
PIRATA-FR30	st014c01	B	2020-02-28T12:22:06z	  -0.002	 -2.498		 505.0	 1	34.6165	2.674	116.30																																				
PIRATA-FR30	st015c01	B	2020-02-28T17:08:05z	  -0.002	 -2.998		   4.0	12	34.5931	4.549	198.83						0.0061	0.0112	0.0034	0.0062	0.0171				0.0224	0.0103			0.1265		0.0053	0.0068	0.0121	0.0173			0.0535	0.0928	0.1463	0.0026							
PIRATA-FR30	st015c01	B	2020-02-28T17:08:05z	  -0.002	 -2.998		  20.0	11	35.3896	4.741	207.02						0.0078	0.0146	0.0059	0.0096	0.0183				0.0268	0.0089			0.1039		0.0081	0.0102	0.0183	0.0168			0.0610	0.1057	0.1667	0.0026							
PIRATA-FR30	st015c01	B	2020-02-28T17:08:05z	  -0.002	 -2.998		  40.0	10	36.1769	4.172	181.83						0.1022	0.0890	0.0218	0.0976	0.0567	0.0294	0.0520	0.0128	0.2263	0.0196	0.0125		0.0745		0.0342	0.2814	0.3156	0.0425			0.1148	0.6537	0.7685	0.0092							
PIRATA-FR30	st015c01	B	2020-02-28T17:08:05z	  -0.002	 -2.998		  60.0	 9	35.8787	3.171	138.09						0.0474	0.0232	0.0043	0.0353	0.0323	0.0012	0.0036		0.0713	0.0060	0.0006		0.0056		0.0084	0.0156	0.0240	0.0063			0.0095	0.1375	0.1470	0.0027							
PIRATA-FR30	st015c01	B	2020-02-28T17:08:05z	  -0.002	 -2.998		  80.0	 8	35.7927	3.271	142.44						0.0439	0.0264		0.0469	0.0302	0.0010	0.0024		0.0627	0.0056	0.0008		0.0160		0.1122		0.1122	0.0183			0.0561	0.1342	0.1903	0.0047							
PIRATA-FR30	st015c01	B	2020-02-28T17:08:05z	  -0.002	 -2.998		 100.0	 7	35.7263	3.384	147.33						0.0204	0.0113		0.0254	0.0103		0.0014		0.0338	0.0029			0.0071			0.0604	0.0604	0.0099			0.0262	0.0616	0.0878	0.0023							
PIRATA-FR30	st015c01	B	2020-02-28T17:08:05z	  -0.002	 -2.998		 252.0	 6	35.2392	1.571	 68.37																																				
PIRATA-FR30	st015c01	B	2020-02-28T17:08:05z	  -0.002	 -2.998		 806.0	 5	34.5093	2.988	130.00																																				
PIRATA-FR30	st015c01	B	2020-02-28T17:08:05z	  -0.002	 -2.998		1008.0	 4	34.5987	3.436	149.44																																				
PIRATA-FR30	st015c01	B	2020-02-28T17:08:05z	  -0.002	 -2.998		1008.0	 3	34.5985	3.436	149.45																																				
PIRATA-FR30	st015c01	B	2020-02-28T17:08:05z	  -0.002	 -2.998		1514.0	 2	34.9466	5.138	223.37																																				
PIRATA-FR30	st015c01	B	2020-02-28T17:08:05z	  -0.002	 -2.998		2021.0	 1	34.9551	5.548	241.18																																				
PIRATA-FR30	st016c01	B	2020-03-05T05:35:16z	  -9.963	-19.932		  20.0	11	36.6991	4.735	206.38						0.0016	0.0029		0.0031	0.0018			0.0010	0.0108	0.0051			0.0333			0.0027	0.0027	0.0035			0.0101	0.0255	0.0356								
PIRATA-FR30	st016c01	B	2020-03-05T05:35:16z	  -9.963	-19.932		  41.0	10	36.6855	4.757	207.34						0.0011	0.0039	0.0021	0.0041	0.0022			0.0008	0.0133	0.0038			0.0401			0.0035	0.0035	0.0042			0.0127	0.0318	0.0445								
PIRATA-FR30	st016c01	B	2020-03-05T05:35:16z	  -9.963	-19.932		  61.0	 9	36.6354	4.875	212.47						0.0033	0.0050	0.0025	0.0059	0.0025			0.0010	0.0182	0.0033			0.0483			0.0040	0.0040	0.0047			0.0178	0.0409	0.0587								
PIRATA-FR30	st016c01	B	2020-03-05T05:35:16z	  -9.963	-19.932		  81.0	 8	36.3439	5.364	233.66						0.0057	0.0094	0.0034	0.0081	0.0031			0.0010	0.0227	0.0049			0.0527		0.0031	0.0110	0.0141	0.0060			0.0276	0.0514	0.0790								
PIRATA-FR30	st016c01	B	2020-03-05T05:35:16z	  -9.963	-19.932		 101.0	 7	36.3246	5.247	228.52						0.0107	0.0128	0.0037	0.0147	0.0036			0.0008	0.0365	0.0049			0.0622		0.0043	0.0148	0.0191	0.0138			0.0775	0.0633	0.1408								
PIRATA-FR30	st016c01	B	2020-03-05T05:35:16z	  -9.963	-19.932		 550.0	 6	34.5179	3.268	142.17																																				
PIRATA-FR30	st016c01	B	2020-03-05T05:35:16z	  -9.963	-19.932		 894.0	 5	34.4868	3.729	162.20																																				
PIRATA-FR30	st016c01	B	2020-03-05T05:35:16z	  -9.963	-19.932		 894.0	 4	34.4860	3.738	162.56																																				
PIRATA-FR30	st016c01	B	2020-03-05T05:35:16z	  -9.963	-19.932		1991.0	 3	34.8840	5.401	234.78																																				
PIRATA-FR30	st016c01	B	2020-03-05T05:35:16z	  -9.963	-19.932		2998.0	 2	34.8777	5.536	240.62																																				
PIRATA-FR30	st016c01	B	2020-03-05T05:35:16z	  -9.963	-19.932		3851.0	 1		5.440	236.39																																				
PIRATA-FR30	st017c01	B	2020-03-08T01:06:00z	  -9.975	 -9.889		   2.0	12	36.5889	4.513	196.84						0.0040	0.0037	0.0015	0.0033	0.0040				0.0128	0.0044			0.0709					0.0069			0.0286	0.0303	0.0589								
PIRATA-FR30	st017c01	B	2020-03-08T01:06:00z	  -9.975	 -9.889		  25.0	11	36.5281	4.507	196.62						0.0042	0.0036	0.0016	0.0032	0.0040				0.0122	0.0042			0.0603					0.0059			0.0233	0.0297	0.0530								
PIRATA-FR30	st017c01	B	2020-03-08T01:06:00z	  -9.975	 -9.889		  45.0	10	36.5919	4.580	199.80						0.0044	0.0043	0.0019	0.0036	0.0039				0.0156	0.0042			0.0733					0.0059			0.0235	0.0337	0.0572								
PIRATA-FR30	st017c01	B	2020-03-08T01:06:00z	  -9.975	 -9.889		  64.0	 9	36.6200	5.191	226.24						0.0104	0.0109	0.0031	0.0096	0.0050				0.0308	0.0047			0.0720					0.0065			0.0431	0.0620	0.1051								
PIRATA-FR30	st017c01	B	2020-03-08T01:06:00z	  -9.975	 -9.889		  84.0	 8	36.4898	5.040	219.55						0.0303	0.0315	0.0111	0.0360	0.0091	0.0037		0.0023	0.0889	0.0077			0.0900		0.0116	0.0737	0.0853	0.0189			0.0977	0.1603	0.2580	0.0043							
PIRATA-FR30	st017c01	B	2020-03-08T01:06:00z	  -9.975	 -9.889		 104.0	 7	36.1731	3.759	163.69						0.0440	0.0342	0.0052	0.0551	0.0124	0.0070	0.0017	0.0023	0.0889	0.0055	0.0010		0.0513		0.0905	0.0750	0.1655	0.0270			0.1073	0.1635	0.2708	0.0039							
PIRATA-FR30	st017c01	B	2020-03-08T01:06:00z	  -9.975	 -9.889		 450.0	 6	34.7060	1.717	 74.73																																				
PIRATA-FR30	st017c01	B	2020-03-08T01:06:00z	  -9.975	 -9.889		 450.0	 5	34.7049	1.719	 74.81																																				
PIRATA-FR30	st017c01	B	2020-03-08T01:06:00z	  -9.975	 -9.889		1024.0	 4	34.5885	3.441	149.69																																				
PIRATA-FR30	st017c01	B	2020-03-08T01:06:00z	  -9.975	 -9.889		2023.0	 3	34.9306	5.416	235.45																																				
PIRATA-FR30	st017c01	B	2020-03-08T01:06:00z	  -9.975	 -9.889		3050.0	 2	34.8901	5.447	236.79																																				
PIRATA-FR30	st017c01	B	2020-03-08T01:06:00z	  -9.975	 -9.889		3848.0	 1	34.8821	5.452	237.02																																				
PIRATA-FR30	st018c01	B	2020-03-08T07:07:20z	  -9.998	 -9.506		   4.0	12	36.4979	4.509	196.77																																				
PIRATA-FR30	st018c01	B	2020-03-08T07:07:20z	  -9.998	 -9.506		  20.0	11	36.5177	4.517	197.11																																				
PIRATA-FR30	st018c01	B	2020-03-08T07:07:20z	  -9.998	 -9.506		  41.0	10	36.6057	4.622	201.61																																				
PIRATA-FR30	st018c01	B	2020-03-08T07:07:20z	  -9.998	 -9.506		  61.0	 9	36.6257	5.131	223.65																																				
PIRATA-FR30	st018c01	B	2020-03-08T07:07:20z	  -9.998	 -9.506		  80.0	 8	36.5645	5.172	225.30																																				
PIRATA-FR30	st018c01	B	2020-03-08T07:07:20z	  -9.998	 -9.506		 101.0	 7	36.1334	3.814	166.07																																				
PIRATA-FR30	st018c01	B	2020-03-08T07:07:20z	  -9.998	 -9.506		 101.0	 6	36.1279	3.821	166.39																																				
PIRATA-FR30	st018c01	B	2020-03-08T07:07:20z	  -9.998	 -9.506		 402.0	 5	34.7501	1.716	 74.66																																				
PIRATA-FR30	st018c01	B	2020-03-08T07:07:20z	  -9.998	 -9.506		 700.0	 4	34.5292	2.319	100.85																																				
PIRATA-FR30	st018c01	B	2020-03-08T07:07:20z	  -9.998	 -9.506		 998.0	 3	34.5652	3.383	147.12																																				
PIRATA-FR30	st018c01	B	2020-03-08T07:07:20z	  -9.998	 -9.506		1488.0	 2	34.5647	4.819	209.52																																				
PIRATA-FR30	st018c01	B	2020-03-08T07:07:20z	  -9.998	 -9.506		2020.0	 1	34.9318	5.715	248.39																																				
PIRATA-FR30	st019c01	B	2020-03-08T11:49:03z	 -10.000	 -9.000		   2.0	12	36.3201	4.504	196.56																																				
PIRATA-FR30	st019c01	B	2020-03-08T11:49:03z	 -10.000	 -9.000		  25.0	11	36.3143	4.504	196.56																																				
PIRATA-FR30	st019c01	B	2020-03-08T11:49:03z	 -10.000	 -9.000		  44.0	10	36.3300	4.933	215.15																																				
PIRATA-FR30	st019c01	B	2020-03-08T11:49:03z	 -10.000	 -9.000		  64.0	 9	36.6230	5.140	223.96																																				
PIRATA-FR30	st019c01	B	2020-03-08T11:49:03z	 -10.000	 -9.000		  84.0	 8	36.5467	5.143	224.05																																				
PIRATA-FR30	st019c01	B	2020-03-08T11:49:03z	 -10.000	 -9.000		  84.0	 7	36.5444	4.950	215.62																																				
PIRATA-FR30	st019c01	B	2020-03-08T11:49:03z	 -10.000	 -9.000		 102.0	 6	36.1605	3.853	167.76																																				
PIRATA-FR30	st019c01	B	2020-03-08T11:49:03z	 -10.000	 -9.000		 403.0	 5	34.7751	1.703	 74.08																																				
PIRATA-FR30	st019c01	B	2020-03-08T11:49:03z	 -10.000	 -9.000		 705.0	 4	34.5298	2.509	109.13																																				
PIRATA-FR30	st019c01	B	2020-03-08T11:49:03z	 -10.000	 -9.000		1009.0	 3	34.5808	3.619	157.35																																				
PIRATA-FR30	st019c01	B	2020-03-08T11:49:03z	 -10.000	 -9.000		1517.0	 2	34.9005	4.931	214.35																																				
PIRATA-FR30	st019c01	B	2020-03-08T11:49:03z	 -10.000	 -9.000		2024.0	 1	34.9297	5.432	236.11																																				
PIRATA-FR30	st020c01	B	2020-03-08T16:19:01z	 -10.000	 -8.499		   4.0	12	36.4939	4.546	196.90																																				
PIRATA-FR30	st020c01	B	2020-03-08T16:19:01z	 -10.000	 -8.499		  21.0	11	36.4909	4.545	198.29																																				
PIRATA-FR30	st020c01	B	2020-03-08T16:19:01z	 -10.000	 -8.499		  40.0	10	36.4866	4.547	198.38																																				
PIRATA-FR30	st020c01	B	2020-03-08T16:19:01z	 -10.000	 -8.499		  61.0	 9	36.4641	5.040	219.75																																				
PIRATA-FR30	st020c01	B	2020-03-08T16:19:01z	 -10.000	 -8.499		  60.0	 8	36.4783	5.119	223.16																																				
PIRATA-FR30	st020c01	B	2020-03-08T16:19:01z	 -10.000	 -8.499		  81.0	 7	36.0721	4.087	178.27																																				
PIRATA-FR30	st020c01	B	2020-03-08T16:19:01z	 -10.000	 -8.499		 103.0	 6	35.7973	2.723	118.54																																				
PIRATA-FR30	st020c01	B	2020-03-08T16:19:01z	 -10.000	 -8.499		 404.0	 5	34.7944	1.695	 73.76																																				
PIRATA-FR30	st020c01	B	2020-03-08T16:19:01z	 -10.000	 -8.499		 707.0	 4	34.5335	2.610	113.52																																				
PIRATA-FR30	st020c01	B	2020-03-08T16:19:01z	 -10.000	 -8.499		1010.0	 3	34.5856	3.675	159.84																																				
PIRATA-FR30	st020c01	B	2020-03-08T16:19:01z	 -10.000	 -8.499		1515.0	 2	34.9052	5.010	217.78																																				
PIRATA-FR30	st020c01	B	2020-03-08T16:19:01z	 -10.000	 -8.499		2022.0	 1	34.9336	5.494	238.73																																				
PIRATA-FR30	st021c01	B	2020-03-08T20:47:31z	 -10.002	 -8.000		   5.0	12	36.4156	4.767	208.00						0.0034	0.0036	0.0025	0.0034	0.0041				0.0130	0.0050			0.0832		0.0024	0.0032	0.0056	0.0073			0.0352	0.0286	0.0638								
PIRATA-FR30	st021c01	B	2020-03-08T20:47:31z	 -10.002	 -8.000		  20.0	11	36.4363	6.299	274.82						0.0027	0.0032	0.0022	0.0029	0.0037				0.0118	0.0043			0.0775			0.0029	0.0029	0.0066			0.0330	0.0260	0.0590								
PIRATA-FR30	st021c01	B	2020-03-08T20:47:31z	 -10.002	 -8.000		  40.0	10	36.4541	6.262	273.20						0.0042	0.0054	0.0027	0.0044	0.0041				0.0199	0.0047			0.0883		0.0045	0.0050	0.0095	0.0089			0.0454	0.0339	0.0793								
PIRATA-FR30	st021c01	B	2020-03-08T20:47:31z	 -10.002	 -8.000		  40.0	 9	36.4467	6.481	282.75																																				
PIRATA-FR30	st021c01	B	2020-03-08T20:47:31z	 -10.002	 -8.000		  60.0	 8	36.5519								0.0078	0.0107	0.0041	0.0099	0.0054				0.0334	0.0052			0.0975		0.0100	0.0091	0.0191	0.0128			0.0769	0.0587	0.1356	0.0019							
PIRATA-FR30	st021c01	B	2020-03-08T20:47:31z	 -10.002	 -8.000		  80.0	 7	36.3133	4.466	194.52						0.0467	0.0431	0.0115	0.0799	0.0182	0.0153		0.0056	0.1273	0.0095	0.0016		0.0538		0.0267	0.1083	0.1350	0.0185			0.0798	0.2401	0.3199	0.0038							
PIRATA-FR30	st021c01	B	2020-03-08T20:47:31z	 -10.002	 -8.000		 101.0	 6	35.8205	2.773	120.74						0.0356	0.0241	0.0040	0.0634	0.0106	0.0089	0.0037	0.0036	0.0555	0.0052	0.0013		0.0257		0.0989	0.0581	0.1570	0.0225			0.0675	0.1473	0.2148	0.0040							
PIRATA-FR30	st021c01	B	2020-03-08T20:47:31z	 -10.002	 -8.000		 403.0	 5	34.7723	1.573	 68.43																																				
PIRATA-FR30	st021c01	B	2020-03-08T20:47:31z	 -10.002	 -8.000		 857.0	 4	34.5003	3.208	139.53																																				
PIRATA-FR30	st021c01	B	2020-03-08T20:47:31z	 -10.002	 -8.000		1009.0	 3	34.5802	3.585	155.87																																				
PIRATA-FR30	st021c01	B	2020-03-08T20:47:31z	 -10.002	 -8.000		1514.0	 2	34.9184	4.976	216.31																																				
PIRATA-FR30	st021c01	B	2020-03-08T20:47:31z	 -10.002	 -8.000		2020.0	 1	34.9179	5.510	239.52																																				
PIRATA-FR30	st022c01	B	2020-03-09T01:26:12z	 -10.001	 -7.500		   2.0	12	36.4661	4.512	196.84																																				
PIRATA-FR30	st022c01	B	2020-03-09T01:26:12z	 -10.001	 -7.500		  23.0	11	36.4679	4.514	196.94																																				
PIRATA-FR30	st022c01	B	2020-03-09T01:26:12z	 -10.001	 -7.500		  23.0	10	36.4676	4.511	196.81																																				
PIRATA-FR30	st022c01	B	2020-03-09T01:26:12z	 -10.001	 -7.500		  43.0	 9	36.4757	4.635	202.21																																				
PIRATA-FR30	st022c01	B	2020-03-09T01:26:12z	 -10.001	 -7.500		  63.0	 8	36.5214	5.116	222.91																																				
PIRATA-FR30	st022c01	B	2020-03-09T01:26:12z	 -10.001	 -7.500		  82.0	 7	36.0531	3.272	142.45																																				
PIRATA-FR30	st022c01	B	2020-03-09T01:26:12z	 -10.001	 -7.500		 102.0	 6	35.6523	2.317	100.85																																				
PIRATA-FR30	st022c01	B	2020-03-09T01:26:12z	 -10.001	 -7.500		 454.0	 5	34.7384	1.584	 68.91																																				
PIRATA-FR30	st022c01	B	2020-03-09T01:26:12z	 -10.001	 -7.500		 706.0	 4	34.5091	2.841	123.57																																				
PIRATA-FR30	st022c01	B	2020-03-09T01:26:12z	 -10.001	 -7.500		1008.0	 3	34.5768	3.912	170.10																																				
PIRATA-FR30	st022c01	B	2020-03-09T01:26:12z	 -10.001	 -7.500		1514.0	 2	34.9111	5.009	217.71																																				
PIRATA-FR30	st022c01	B	2020-03-09T01:26:12z	 -10.001	 -7.500		2021.0	 1	34.4357	5.580	242.63																																				
PIRATA-FR30	st023c01	B	2020-03-09T05:52:45z	 -10.001	 -6.998		   4.0	12	36.3820	4.498	196.28																																				
PIRATA-FR30	st023c01	B	2020-03-09T05:52:45z	 -10.001	 -6.998		   5.0	11	36.3850	4.498	196.27																																				
PIRATA-FR30	st023c01	B	2020-03-09T05:52:45z	 -10.001	 -6.998		  20.0	10	36.3854	4.498	196.29																																				
PIRATA-FR30	st023c01	B	2020-03-09T05:52:45z	 -10.001	 -6.998		  40.0	 9	36.3880	4.516	197.05																																				
PIRATA-FR30	st023c01	B	2020-03-09T05:52:45z	 -10.001	 -6.998		  60.0	 8	36.4582	5.120	223.17																																				
PIRATA-FR30	st023c01	B	2020-03-09T05:52:45z	 -10.001	 -6.998		  81.0	 7	36.2166	4.353	189.62																																				
PIRATA-FR30	st023c01	B	2020-03-09T05:52:45z	 -10.001	 -6.998		 103.0	 6	35.5977	2.273	 98.94																																				
PIRATA-FR30	st023c01	B	2020-03-09T05:52:45z	 -10.001	 -6.998		 403.0	 5	34.7672	1.756	 76.41																																				
PIRATA-FR30	st023c01	B	2020-03-09T05:52:45z	 -10.001	 -6.998		 706.0	 4	34.5175	2.658	115.63																																				
PIRATA-FR30	st023c01	B	2020-03-09T05:52:45z	 -10.001	 -6.998		1009.0	 3	34.5480	3.487	151.64																																				
PIRATA-FR30	st023c01	B	2020-03-09T05:52:45z	 -10.001	 -6.998		1513.0	 2	34.9163	5.029	218.63																																				
PIRATA-FR30	st023c01	B	2020-03-09T05:52:45z	 -10.001	 -6.998		2022.0	 1	34.9433	5.525	240.17																																				
PIRATA-FR30	st024c01	B	2020-03-09T10:24:03z	 -10.001	 -6.498		   5.0	12	36.3882	4.517	197.12																																				
PIRATA-FR30	st024c01	B	2020-03-09T10:24:03z	 -10.001	 -6.498		  21.0	11	36.3874	4.514	196.97																																				
PIRATA-FR30	st024c01	B	2020-03-09T10:24:03z	 -10.001	 -6.498		  40.0	10	36.3838	4.515	197.03																																				
PIRATA-FR30	st024c01	B	2020-03-09T10:24:03z	 -10.001	 -6.498		  60.0	 9	36.3391	5.070	221.05																																				
PIRATA-FR30	st024c01	B	2020-03-09T10:24:03z	 -10.001	 -6.498		  80.0	 8	35.9098	3.441	149.90																																				
PIRATA-FR30	st024c01	B	2020-03-09T10:24:03z	 -10.001	 -6.498		 101.0	 7	35.7515	2.538	110.49																																				
PIRATA-FR30	st024c01	B	2020-03-09T10:24:03z	 -10.001	 -6.498		 403.0	 6	34.7441	1.537	 66.88																																				
PIRATA-FR30	st024c01	B	2020-03-09T10:24:03z	 -10.001	 -6.498		 806.0	 5	34.5034	2.941	127.95																																				
PIRATA-FR30	st024c01	B	2020-03-09T10:24:03z	 -10.001	 -6.498		1009.0	 4	34.5720	3.552	154.45																																				
PIRATA-FR30	st024c01	B	2020-03-09T10:24:03z	 -10.001	 -6.498		1515.0	 3	34.9117	4.964	215.78																																				
PIRATA-FR30	st024c01	B	2020-03-09T10:24:03z	 -10.001	 -6.498		2019.0	 2	34.9494	5.547	241.12																																				
PIRATA-FR30	st024c01	B	2020-03-09T10:24:03z	 -10.001	 -6.498		2019.0	 1	34.9470	5.542	240.90																																				
PIRATA-FR30	st025c01	B	2020-03-10T00:30:47z	 -10.005	 -6.027		   2.0	12	36.3931	4.368	190.59						0.0031	0.0034	0.0021	0.0028	0.0018			0.0011	0.0115	0.0033			0.0440					0.0047			0.0233	0.0234	0.0467								
PIRATA-FR30	st025c01	B	2020-03-10T00:30:47z	 -10.005	 -6.027		  23.0	11	36.3959	4.545	198.35						0.0023	0.0039	0.0024	0.0032	0.0022			0.0011	0.0134	0.0036			0.0445		0.0025	0.0040	0.0065	0.0047			0.0223	0.0276	0.0499								
PIRATA-FR30	st025c01	B	2020-03-10T00:30:47z	 -10.005	 -6.027		  43.0	10	36.3982	4.645	202.67						0.0025	0.0043	0.0026	0.0035	0.0023			0.0011	0.0157	0.0037			0.0518		0.0027	0.0048	0.0075	0.0056			0.0277	0.0313	0.0590								
PIRATA-FR30	st025c01	B	2020-03-10T00:30:47z	 -10.005	 -6.027		  62.0	 9	36.1377	2.826	123.20						0.0518	0.0541	0.0069	0.0760	0.0152	0.0039		0.0039	0.1495	0.0128	0.0018		0.1455		0.0296	0.0762	0.1058	0.0341			0.1753	0.2652	0.4405	0.0075							
PIRATA-FR30	st025c01	B	2020-03-10T00:30:47z	 -10.005	 -6.027		  82.0	 8	35.8573	2.415	105.16						0.0473	0.0329	0.0035	0.0780	0.0124	0.0043	0.0046	0.0025	0.0807	0.0064	0.0011		0.0347		0.0906	0.0542	0.1448	0.0241			0.0816	0.1840	0.2656	0.0060							
PIRATA-FR30	st025c01	B	2020-03-10T00:30:47z	 -10.005	 -6.027		 100.0	 7	35.6056	2.246	 97.76						0.0303	0.0180	0.0022	0.0456	0.0078	0.0017	0.0022		0.0471	0.0035	0.0012		0.0138		0.0935	0.0266	0.1201	0.0207			0.0512	0.1032	0.1544	0.0055							
PIRATA-FR30	st025c01	B	2020-03-10T00:30:47z	 -10.005	 -6.027		 403.0	 6	34.7388	1.840	 80.05																																				
PIRATA-FR30	st025c01	B	2020-03-10T00:30:47z	 -10.005	 -6.027		 806.0	 5	34.4923	3.146	136.84																																				
PIRATA-FR30	st025c01	B	2020-03-10T00:30:47z	 -10.005	 -6.027		1008.0	 4	34.5819	3.443	149.74																																				
PIRATA-FR30	st025c01	B	2020-03-10T00:30:47z	 -10.005	 -6.027		1514.0	 3	34.9196	4.998	217.29																																				
PIRATA-FR30	st025c01	B	2020-03-10T00:30:47z	 -10.005	 -6.027		1514.0	 2	34.9205	4.998	217.28																																				
PIRATA-FR30	st025c01	B	2020-03-10T00:30:47z	 -10.005	 -6.027		2022.0	 1	34.9472	5.548	241.15																																				
PIRATA-FR30	st026c01	B	2020-03-10T05:20:41z	 -10.001	 -5.501		   5.0	12	36.0922	4.487	195.86																																				
PIRATA-FR30	st026c01	B	2020-03-10T05:20:41z	 -10.001	 -5.501		  20.0	11	36.0936	4.487	195.86																																				
PIRATA-FR30	st026c01	B	2020-03-10T05:20:41z	 -10.001	 -5.501		  40.0	10	36.2557	4.495	196.17																																				
PIRATA-FR30	st026c01	B	2020-03-10T05:20:41z	 -10.001	 -5.501		  60.0	 9	36.3190	4.847	211.36																																				
PIRATA-FR30	st026c01	B	2020-03-10T05:20:41z	 -10.001	 -5.501		  82.0	 8	36.0540	3.604	157.00																																				
PIRATA-FR30	st026c01	B	2020-03-10T05:20:41z	 -10.001	 -5.501		 101.0	 7	35.8199	2.807	122.21																																				
PIRATA-FR30	st026c01	B	2020-03-10T05:20:41z	 -10.001	 -5.501		 402.0	 6	34.7291	2.074	 90.24																																				
PIRATA-FR30	st026c01	B	2020-03-10T05:20:41z	 -10.001	 -5.501		 706.0	 5	34.5113	2.761	120.12																																				
PIRATA-FR30	st026c01	B	2020-03-10T05:20:41z	 -10.001	 -5.501		1009.0	 4	34.6065	3.553	154.52																																				
PIRATA-FR30	st026c01	B	2020-03-10T05:20:41z	 -10.001	 -5.501		1009.0	 3	34.6052	3.561	154.83																																				
PIRATA-FR30	st026c01	B	2020-03-10T05:20:41z	 -10.001	 -5.501		1513.0	 2	34.9310	5.032	218.74																																				
PIRATA-FR30	st026c01	B	2020-03-10T05:20:41z	 -10.001	 -5.501		2023.0	 1	34.9485	5.572	242.17																																				
PIRATA-FR30	st027c01	B	2020-03-10T10:03:16z	 -10.004	 -5.001		   4.0	12	35.8628	4.517	197.22																																				
PIRATA-FR30	st027c01	B	2020-03-10T10:03:16z	 -10.004	 -5.001		  20.0	11	35.8621	4.530	197.79																																				
PIRATA-FR30	st027c01	B	2020-03-10T10:03:16z	 -10.004	 -5.001		  40.0	10	36.3171	4.801	209.41																																				
PIRATA-FR30	st027c01	B	2020-03-10T10:03:16z	 -10.004	 -5.001		  60.0	 9	36.0343	3.674	160.11																																				
PIRATA-FR30	st027c01	B	2020-03-10T10:03:16z	 -10.004	 -5.001		  80.0	 8	35.8370	2.998	130.52																																				
PIRATA-FR30	st027c01	B	2020-03-10T10:03:16z	 -10.004	 -5.001		 102.0	 7	35.5606	2.842	123.69																																				
PIRATA-FR30	st027c01	B	2020-03-10T10:03:16z	 -10.004	 -5.001		 403.0	 6	34.8135	1.795	 78.09																																				
PIRATA-FR30	st027c01	B	2020-03-10T10:03:16z	 -10.004	 -5.001		 756.0	 5	34.4990	2.958	128.65																																				
PIRATA-FR30	st027c01	B	2020-03-10T10:03:16z	 -10.004	 -5.001		 756.0	 4	34.5014	2.959	128.69																																				
PIRATA-FR30	st027c01	B	2020-03-10T10:03:16z	 -10.004	 -5.001		1008.0	 3	34.6178	3.593	156.22																																				
PIRATA-FR30	st027c01	B	2020-03-10T10:03:16z	 -10.004	 -5.001		1514.0	 2	34.9392	5.087	221.13																																				
PIRATA-FR30	st027c01	B	2020-03-10T10:03:16z	 -10.004	 -5.001		2022.0	 1	34.9486	5.554	241.38																																				
PIRATA-FR30	st028c01	B	2020-03-10T14:43:48z	 -10.001	 -4.501		   4.0	12	35.8351	4.527	197.66																																				
PIRATA-FR30	st028c01	B	2020-03-10T14:43:48z	 -10.001	 -4.501		  21.0	11	35.8126	4.542	198.29																																				
PIRATA-FR30	st028c01	B	2020-03-10T14:43:48z	 -10.001	 -4.501		  40.0	10	36.1456	4.847	211.33																																				
PIRATA-FR30	st028c01	B	2020-03-10T14:43:48z	 -10.001	 -4.501		  63.0	 9	35.7746	3.203	139.51																																				
PIRATA-FR30	st028c01	B	2020-03-10T14:43:48z	 -10.001	 -4.501		  83.0	 8	35.4296	2.328	101.32																																				
PIRATA-FR30	st028c01	B	2020-03-10T14:43:48z	 -10.001	 -4.501		 101.0	 7	35.3959	2.414	105.06																																				
PIRATA-FR30	st028c01	B	2020-03-10T14:43:48z	 -10.001	 -4.501		 404.0	 6	34.8723	1.747	 76.00																																				
PIRATA-FR30	st028c01	B	2020-03-10T14:43:48z	 -10.001	 -4.501		 403.0	 5	34.8725	1.684	 73.24																																				
PIRATA-FR30	st028c01	B	2020-03-10T14:43:48z	 -10.001	 -4.501		 847.0	 4	34.5112	3.241	140.93																																				
PIRATA-FR30	st028c01	B	2020-03-10T14:43:48z	 -10.001	 -4.501		1008.0	 3	34.6053	3.593	156.24																																				
PIRATA-FR30	st028c01	B	2020-03-10T14:43:48z	 -10.001	 -4.501		1514.0	 2	34.9404	5.117	222.41																																				
PIRATA-FR30	st028c01	B	2020-03-10T14:43:48z	 -10.001	 -4.501		2039.0	 1	34.9539	5.620	244.25																																				
PIRATA-FR30	st029c01	B	2020-03-10T19:18:47z	 -10.002	 -3.998		   5.0	12	35.7774	4.544	198.38						0.0048	0.0089	0.0052	0.0062	0.0104	0.0012			0.0210	0.0081			0.1178		0.0070	0.0058	0.0128	0.0201			0.0691	0.0906	0.1597	0.0053							
PIRATA-FR30	st029c01	B	2020-03-10T19:18:47z	 -10.002	 -3.998		  20.0	11	35.7759	4.533	197.88						0.0059	0.0084	0.0040	0.0057	0.0094				0.0213	0.0080			0.1049		0.0068	0.0057	0.0125	0.0173			0.0627	0.0739	0.1366	0.0052							
PIRATA-FR30	st029c01	B	2020-03-10T19:18:47z	 -10.002	 -3.998		  41.0	10	35.9558	4.379	190.85						0.0593	0.0563	0.0170	0.0835	0.0292	0.0093	0.0053	0.0068	0.1580	0.0175	0.0029		0.0815		0.0083	0.0900	0.0983	0.0233			0.0638	0.3596	0.4234	0.0074							
PIRATA-FR30	st029c01	B	2020-03-10T19:18:47z	 -10.002	 -3.998		  60.0	 9	35.6408	2.495	108.59						0.0617	0.0396	0.0095	0.0778	0.0301	0.0090	0.0124	0.0048	0.1007	0.0105	0.0021		0.0612		0.1068	0.0928	0.1996	0.0337			0.0942	0.2667	0.3609	0.0080							
PIRATA-FR30	st029c01	B	2020-03-10T19:18:47z	 -10.002	 -3.998		  81.0	 8	35.5399	2.516	109.50						0.0167	0.0092	0.0035	0.0210	0.0080				0.0361	0.0033	0.0008		0.0059		0.0278	0.0210	0.0488	0.0089			0.0168	0.0634	0.0802	0.0046							
PIRATA-FR30	st029c01	B	2020-03-10T19:18:47z	 -10.002	 -3.998		 101.0	 7	35.5025	2.512	109.31						0.0045	0.0025	0.0030	0.0054	0.0025				0.0123	0.0017			0.0031		0.0036	0.0044	0.0080	0.0029			0.0029	0.0213	0.0242								
PIRATA-FR30	st029c01	B	2020-03-10T19:18:47z	 -10.002	 -3.998		 101.0	 6	35.5047	2.523	109.83																																				
PIRATA-FR30	st029c01	B	2020-03-10T19:18:47z	 -10.002	 -3.998		 404.0	 5	34.8763	1.831	 79.64																																				
PIRATA-FR30	st029c01	B	2020-03-10T19:18:47z	 -10.002	 -3.998		 706.0	 4	34.5012	2.902	126.19																																				
PIRATA-FR30	st029c01	B	2020-03-10T19:18:47z	 -10.002	 -3.998		1008.0	 3	34.6254	3.659	159.37																																				
PIRATA-FR30	st029c01	B	2020-03-10T19:18:47z	 -10.002	 -3.998		1514.0	 2	34.9376	5.077	220.67																																				
PIRATA-FR30	st029c01	B	2020-03-10T19:18:47z	 -10.002	 -3.998		2021.0	 1	34.9532	5.627	244.56																																				
PIRATA-FR30	st030c01	B	2020-03-10T23:52:06z	 -10.004	 -3.498		   2.0	12	35.7548	4.529	197.71																																				
PIRATA-FR30	st030c01	B	2020-03-10T23:52:06z	 -10.004	 -3.498		  21.0	11	35.7550	4.530	197.75																																				
PIRATA-FR30	st030c01	B	2020-03-10T23:52:06z	 -10.004	 -3.498		  40.0	10	35.7878	3.506	152.69																																				
PIRATA-FR30	st030c01	B	2020-03-10T23:52:06z	 -10.004	 -3.498		  61.0	 9	35.6138	2.587	112.60																																				
PIRATA-FR30	st030c01	B	2020-03-10T23:52:06z	 -10.004	 -3.498		  84.0	 8	35.5626	2.438	106.12																																				
PIRATA-FR30	st030c01	B	2020-03-10T23:52:06z	 -10.004	 -3.498		  84.0	 7	35.5633	2.443	106.32																																				
PIRATA-FR30	st030c01	B	2020-03-10T23:52:06z	 -10.004	 -3.498		 101.0	 6	35.5508	2.247	 97.80																																				
PIRATA-FR30	st030c01	B	2020-03-10T23:52:06z	 -10.004	 -3.498		 453.0	 5	34.8036	1.647	 71.65																																				
PIRATA-FR30	st030c01	B	2020-03-10T23:52:06z	 -10.004	 -3.498		 705.0	 4	34.5009	2.986	129.85																																				
PIRATA-FR30	st030c01	B	2020-03-10T23:52:06z	 -10.004	 -3.498		1008.0	 3	34.6096	3.510	152.63																																				
PIRATA-FR30	st030c01	B	2020-03-10T23:52:06z	 -10.004	 -3.498		1514.0	 2	34.9524	5.232	227.43																																				
PIRATA-FR30	st030c01	B	2020-03-10T23:52:06z	 -10.004	 -3.498		2021.0	 1	34.9515	5.583	242.64																																				
PIRATA-FR30	st031c01	B	2020-03-11T04:24:11z	 -10.002	 -2.997		   4.0	12	35.6983	4.560	199.08																																				
PIRATA-FR30	st031c01	B	2020-03-11T04:24:11z	 -10.002	 -2.997		  20.0	11	35.6837	4.545	198.44																																				
PIRATA-FR30	st031c01	B	2020-03-11T04:24:11z	 -10.002	 -2.997		  41.0	10	35.9206	4.464	194.53																																				
PIRATA-FR30	st031c01	B	2020-03-11T04:24:11z	 -10.002	 -2.997		  61.0	 9	35.6808	2.752	119.82																																				
PIRATA-FR30	st031c01	B	2020-03-11T04:24:11z	 -10.002	 -2.997		  61.0	 8	35.6632	2.608	113.53																																				
PIRATA-FR30	st031c01	B	2020-03-11T04:24:11z	 -10.002	 -2.997		  80.0	 7	35.6108	2.275	 99.05																																				
PIRATA-FR30	st031c01	B	2020-03-11T04:24:11z	 -10.002	 -2.997		 100.0	 6	35.5630	2.168	 94.35																																				
PIRATA-FR30	st031c01	B	2020-03-11T04:24:11z	 -10.002	 -2.997		 403.0	 5	34.8109	1.696	 73.78																																				
PIRATA-FR30	st031c01	B	2020-03-11T04:24:11z	 -10.002	 -2.997		 705.0	 4	34.4745	3.528	153.45																																				
PIRATA-FR30	st031c01	B	2020-03-11T04:24:11z	 -10.002	 -2.997		1009.0	 3	34.5994	3.494	151.93																																				
PIRATA-FR30	st031c01	B	2020-03-11T04:24:11z	 -10.002	 -2.997		1515.0	 2	34.9496	5.158	224.22																																				
PIRATA-FR30	st031c01	B	2020-03-11T04:24:11z	 -10.002	 -2.997		2021.0	 1	34.9526	5.619	244.21																																				
PIRATA-FR30	st032c01	B	2020-03-11T08:52:52z	 -10.005	 -2.498		   5.0	12	35.8091	4.521	197.39																																				
PIRATA-FR30	st032c01	B	2020-03-11T08:52:52z	 -10.005	 -2.498		  20.0	11	35.8283	4.544	198.37																																				
PIRATA-FR30	st032c01	B	2020-03-11T08:52:52z	 -10.005	 -2.498		  40.0	10	35.7558	3.319	144.57																																				
PIRATA-FR30	st032c01	B	2020-03-11T08:52:52z	 -10.005	 -2.498		  40.0	 9	35.7531	3.302	143.83																																				
PIRATA-FR30	st032c01	B	2020-03-11T08:52:52z	 -10.005	 -2.498		  60.0	 8	35.6172	2.820	122.75																																				
PIRATA-FR30	st032c01	B	2020-03-11T08:52:52z	 -10.005	 -2.498		  81.0	 7	35.5855	3.068	133.52																																				
PIRATA-FR30	st032c01	B	2020-03-11T08:52:52z	 -10.005	 -2.498		 102.0	 6	35.5641	3.025	131.68																																				
PIRATA-FR30	st032c01	B	2020-03-11T08:52:52z	 -10.005	 -2.498		 403.0	 5	34.7877	1.754	 76.32																																				
PIRATA-FR30	st032c01	B	2020-03-11T08:52:52z	 -10.005	 -2.498		 705.0	 4	34.4878	3.274	142.40																																				
PIRATA-FR30	st032c01	B	2020-03-11T08:52:52z	 -10.005	 -2.498		1008.0	 3	34.6172	3.625	157.64																																				
PIRATA-FR30	st032c01	B	2020-03-11T08:52:52z	 -10.005	 -2.498		1514.0	 2	34.9589	5.244	227.96																																				
PIRATA-FR30	st032c01	B	2020-03-11T08:52:52z	 -10.005	 -2.498		2023.0	 1	34.9519	5.614	244.05																																				
PIRATA-FR30	st033c01	B	2020-03-11T13:17:36z	 -10.001	 -1.999		   2.0	12	35.9117	4.545	198.39						0.0067	0.0059	0.0033	0.0047	0.0102			0.0019	0.0168	0.0146		0.0048	0.1201		0.0065	0.0067	0.0132		0.0203	0.0141	0.0706	0.0856	0.1562								
PIRATA-FR30	st033c01	B	2020-03-11T13:17:36z	 -10.001	 -1.999		  20.0	11	35.9083	4.557	198.93						0.0074	0.0078	0.0041	0.0050	0.0117			0.0018	0.0189	0.0096		0.0024	0.0999		0.0079	0.0076	0.0155	0.0185		0.0049	0.0710	0.0953	0.1663	0.0035							
PIRATA-FR30	st033c01	B	2020-03-11T13:17:36z	 -10.001	 -1.999		  20.0	10	35.9096	4.559	199.02																																				
PIRATA-FR30	st033c01	B	2020-03-11T13:17:36z	 -10.001	 -1.999		  40.0	 9	35.8360	4.668	203.43						0.1361	0.1581	0.0525	0.1220	0.1853	0.0083	0.0119	0.0113	0.3016	0.0479	0.0093	0.0056	0.2289		0.0435	0.1148	0.1583	0.0698		0.0142	0.2223	0.9140	1.1363	0.0152							
PIRATA-FR30	st033c01	B	2020-03-11T13:17:36z	 -10.001	 -1.999		  60.0	 8	35.6306	3.082	134.18						0.0416	0.0238	0.0034	0.0507	0.0260	0.0022	0.0041	0.0010	0.0551	0.0067	0.0015		0.0265		0.1202	0.0509	0.1711	0.0260			0.0736	0.1500	0.2236	0.0049							
PIRATA-FR30	st033c01	B	2020-03-11T13:17:36z	 -10.001	 -1.999		  81.0	 7	35.5706	3.132	136.34						0.0249	0.0123	0.0019	0.0295	0.0120	0.0010	0.0010		0.0355	0.0037	0.0007		0.0067		0.0667	0.0222	0.0889	0.0149			0.0356	0.0745	0.1101	0.0033							
PIRATA-FR30	st033c01	B	2020-03-11T13:17:36z	 -10.001	 -1.999		 101.0	 6	35.5424	3.051	132.79						0.0125	0.0037		0.0113	0.0053				0.0185	0.0020			0.0019		0.0106	0.0053	0.0159	0.0035			0.0075	0.0321	0.0396	0.0024							
PIRATA-FR30	st033c01	B	2020-03-11T13:17:36z	 -10.001	 -1.999		 383.0	 5	34.8132	1.733	 75.41																																				
PIRATA-FR30	st033c01	B	2020-03-11T13:17:36z	 -10.001	 -1.999		 705.0	 4	34.4820	3.436	149.43																																				
PIRATA-FR30	st033c01	B	2020-03-11T13:17:36z	 -10.001	 -1.999		1009.0	 3	34.6480	3.622	157.49																																				
PIRATA-FR30	st033c01	B	2020-03-11T13:17:36z	 -10.001	 -1.999		1514.0	 2	34.9631	5.288	229.87																																				
PIRATA-FR30	st033c01	B	2020-03-11T13:17:36z	 -10.001	 -1.999		2022.0	 1	34.9483	5.701	247.84																																				
PIRATA-FR30	st034c01	B	2020-03-11T17:44:42z	 -10.001	 -1.499		   5.0	12	35.9314	4.565	199.27																																				
PIRATA-FR30	st034c01	B	2020-03-11T17:44:42z	 -10.001	 -1.499		   5.0	11	35.9325	4.555	198.84																																				
PIRATA-FR30	st034c01	B	2020-03-11T17:44:42z	 -10.001	 -1.499		  20.0	10	35.9200	4.636	202.32																																				
PIRATA-FR30	st034c01	B	2020-03-11T17:44:42z	 -10.001	 -1.499		  41.0	 9	35.8161	3.634	158.32																																				
PIRATA-FR30	st034c01	B	2020-03-11T17:44:42z	 -10.001	 -1.499		  60.0	 8	35.6684	2.884	125.54																																				
PIRATA-FR30	st034c01	B	2020-03-11T17:44:42z	 -10.001	 -1.499		  80.0	 7	35.5926	2.173	 94.60																																				
PIRATA-FR30	st034c01	B	2020-03-11T17:44:42z	 -10.001	 -1.499		 101.0	 6	35.5630	3.069	133.57																																				
PIRATA-FR30	st034c01	B	2020-03-11T17:44:42z	 -10.001	 -1.499		 402.0	 5	34.7606	2.135	 92.88																																				
PIRATA-FR30	st034c01	B	2020-03-11T17:44:42z	 -10.001	 -1.499		 706.0	 4	34.4881	3.506	152.48																																				
PIRATA-FR30	st034c01	B	2020-03-11T17:44:42z	 -10.001	 -1.499		1009.0	 3	34.6639	3.664	159.30																																				
PIRATA-FR30	st034c01	B	2020-03-11T17:44:42z	 -10.001	 -1.499		1514.0	 2	34.9571	5.178	225.09																																				
PIRATA-FR30	st034c01	B	2020-03-11T17:44:42z	 -10.001	 -1.499		2021.0	 1	34.9552	5.765	250.55																																				
PIRATA-FR30	st035c01	B	2020-03-11T22:11:32z	 -10.001	 -1.000		   4.0	12	35.9312	4.564	199.20						0.0078	0.0074	0.0054	0.0056	0.0098			0.0008	0.0209	0.0107			0.0852		0.0048	0.0048	0.0096		0.0219		0.0626	0.0974	0.1600	0.0035							
PIRATA-FR30	st035c01	B	2020-03-11T22:11:32z	 -10.001	 -1.000		  20.0	11	35.9477	4.570	199.47						0.0078	0.0082	0.0047	0.0061	0.0095			0.0008	0.0218	0.0085			0.0832		0.0045	0.0050	0.0095	0.0153		0.0041	0.0574	0.0736	0.1310	0.0031							
PIRATA-FR30	st035c01	B	2020-03-11T22:11:32z	 -10.001	 -1.000		  40.0	10	36.1240	4.292	187.07						0.0936	0.0776	0.0138	0.0918	0.0371	0.0045	0.0066	0.0047	0.2533	0.0204	0.0053		0.1090		0.0280	0.1210	0.1490	0.0385			0.1380	0.4540	0.5920	0.0107							
PIRATA-FR30	st035c01	B	2020-03-11T22:11:32z	 -10.001	 -1.000		  61.0	 9	35.8504	3.247	141.43						0.0499	0.0323	0.0056	0.0607	0.0225	0.0076	0.0089	0.0025	0.0808	0.0087	0.0035		0.0385		0.1026	0.0851	0.1877	0.0276			0.0842	0.2197	0.3039	0.0060							
PIRATA-FR30	st035c01	B	2020-03-11T22:11:32z	 -10.001	 -1.000		  81.0	 8	35.6072	3.536	153.97						0.0207	0.0097	0.0019	0.0280	0.0059				0.0308	0.0032	0.0008		0.0031		0.0176	0.0084	0.0260	0.0046			0.0120	0.0638	0.0758	0.0022							
PIRATA-FR30	st035c01	B	2020-03-11T22:11:32z	 -10.001	 -1.000		 101.0	 7	35.5712	4.166	181.39						0.0199	0.0075	0.0011	0.0227	0.0051				0.0312	0.0029			0.0028		0.0216	0.0074	0.0290	0.0049			0.0125	0.0506	0.0631								
PIRATA-FR30	st035c01	B	2020-03-11T22:11:32z	 -10.001	 -1.000		 353.0	 6	34.8814	1.756	 76.43																																				
PIRATA-FR30	st035c01	B	2020-03-11T22:11:32z	 -10.001	 -1.000		 755.0	 5	34.4894	3.534	153.76																																				
PIRATA-FR30	st035c01	B	2020-03-11T22:11:32z	 -10.001	 -1.000		1008.0	 4	34.6569	3.636	158.16																																				
PIRATA-FR30	st035c01	B	2020-03-11T22:11:32z	 -10.001	 -1.000		1513.0	 3	34.9609	5.218	226.93																																				
PIRATA-FR30	st035c01	B	2020-03-11T22:11:32z	 -10.001	 -1.000		2020.0	 2	34.9646	5.683	247.08																																				
PIRATA-FR30	st035c01	B	2020-03-11T22:11:32z	 -10.001	 -1.000		2020.0	 1	34.9624	5.684	247.14																																				
PIRATA-FR30	st036c01	B	2020-03-12T02:50:35z	  -9.929	 -0.500		   3.0	12	36.0014	4.530	197.72																																				
PIRATA-FR30	st036c01	B	2020-03-12T02:50:35z	  -9.929	 -0.500		  20.0	11	36.0697	4.532	197.74																																				
PIRATA-FR30	st036c01	B	2020-03-12T02:50:35z	  -9.929	 -0.500		  41.0	10	36.4644	4.520	197.07																																				
PIRATA-FR30	st036c01	B	2020-03-12T02:50:35z	  -9.929	 -0.500		  60.0	 9	36.3285	4.171	181.66																																				
PIRATA-FR30	st036c01	B	2020-03-12T02:50:35z	  -9.929	 -0.500		  80.0	 8	35.9175	3.788	164.96																																				
PIRATA-FR30	st036c01	B	2020-03-12T02:50:35z	  -9.929	 -0.500		 101.0	 7	35.6353	3.603	156.83																																				
PIRATA-FR30	st036c01	B	2020-03-12T02:50:35z	  -9.929	 -0.500		 343.0	 6	34.8655	1.726	 75.09																																				
PIRATA-FR30	st036c01	B	2020-03-12T02:50:35z	  -9.929	 -0.500		 705.0	 5	34.5093	3.319	144.36																																				
PIRATA-FR30	st036c01	B	2020-03-12T02:50:35z	  -9.929	 -0.500		1008.0	 4	34.6738	3.676	159.84																																				
PIRATA-FR30	st036c01	B	2020-03-12T02:50:35z	  -9.929	 -0.500		1514.0	 3	34.9481	5.066	220.21																																				
PIRATA-FR30	st036c01	B	2020-03-12T02:50:35z	  -9.929	 -0.500		1514.0	 2	34.9492	5.062	220.04																																				
PIRATA-FR30	st036c01	B	2020-03-12T02:50:35z	  -9.929	 -0.500		2022.0	 1	34.9654	5.699	247.71																																				
PIRATA-FR30	st037c01	B	2020-03-12T07:54:17z	  -9.847	 +0.028		   2.0	12	36.0421	4.496	196.24						0.0066	0.0057	0.0031	0.0054	0.0070			0.0012	0.0167	0.0132	0.0009		0.0783		0.0045	0.0061	0.0106	0.0118			0.0616	0.0551	0.1167	0.0013							
PIRATA-FR30	st037c01	B	2020-03-12T07:54:17z	  -9.847	 +0.028		  20.0	11	36.0410	4.499	196.34						0.0066	0.0070	0.0037	0.0061	0.0076			0.0015	0.0177	0.0100	0.0007	0.0012	0.0680		0.0048	0.0080	0.0128	0.0120			0.0571	0.0615	0.1186	0.0017							
PIRATA-FR30	st037c01	B	2020-03-12T07:54:17z	  -9.847	 +0.028		  41.0	10	35.7958	4.344	189.47						0.0225	0.0251	0.0191	0.0204	0.0117	0.0018	0.0014	0.0024	0.0682	0.0129	0.0015		0.0824		0.0182	0.0342	0.0524	0.0266			0.1118	0.1711	0.2829	0.0037							
PIRATA-FR30	st037c01	B	2020-03-12T07:54:17z	  -9.847	 +0.028		  62.0	 9	36.2086	3.754	163.55						0.0878	0.0594	0.0097	0.0849	0.0372	0.0068	0.0126	0.0034	0.1876	0.0153	0.0092		0.0561		0.1007	0.1207	0.2214	0.0413			0.1258	0.3913	0.5171	0.0056							
PIRATA-FR30	st037c01	B	2020-03-12T07:54:17z	  -9.847	 +0.028		  80.0	 8	35.9581	3.808	165.48						0.0458	0.0259	0.0046	0.0578	0.0156	0.0019	0.0035		0.0810	0.0069	0.0023		0.0194		0.0679	0.0484	0.1163	0.0202			0.0580	0.1721	0.2301	0.0023							
PIRATA-FR30	st037c01	B	2020-03-12T07:54:17z	  -9.847	 +0.028		 101.0	 7	35.7488	3.682	160.30						0.0343	0.0169	0.0027	0.0461	0.0109		0.0018		0.0536	0.0051	0.0008		0.0119		0.0571	0.0256	0.0827	0.0146			0.0393	0.1120	0.1513	0.0020							
PIRATA-FR30	st037c01	B	2020-03-12T07:54:17z	  -9.847	 +0.028		 353.0	 6	34.8516	2.167	 94.32																																				
PIRATA-FR30	st037c01	B	2020-03-12T07:54:17z	  -9.847	 +0.028		 756.0	 5	35.5191	3.370	146.49																																				
PIRATA-FR30	st037c01	B	2020-03-12T07:54:17z	  -9.847	 +0.028		2021.0	 4	34.9545	5.679	246.91																																				
PIRATA-FR30	st037c01	B	2020-03-12T07:54:17z	  -9.847	 +0.028		2021.0	 3	34.9530	5.681	246.95																																				
PIRATA-FR30	st037c01	B	2020-03-12T07:54:17z	  -9.847	 +0.028		4061.0	 2	34.8764	5.602	243.49																																				
PIRATA-FR30	st037c01	B	2020-03-12T07:54:17z	  -9.847	 +0.028		5213.0	 1	34.8546	5.558	241.58																																				
PIRATA-FR30	st038c01	B	2020-03-12T15:06:39z	  -9.999	 +0.499		   4.0	12	35.5650	4.536	198.09																																				
PIRATA-FR30	st038c01	B	2020-03-12T15:06:39z	  -9.999	 +0.499		  20.0	11	35.5627	4.542	198.32																																				
PIRATA-FR30	st038c01	B	2020-03-12T15:06:39z	  -9.999	 +0.499		  40.0	10	35.5478	4.611	201.29																																				
PIRATA-FR30	st038c01	B	2020-03-12T15:06:39z	  -9.999	 +0.499		  61.0	 9	35.8554	2.858	124.48																																				
PIRATA-FR30	st038c01	B	2020-03-12T15:06:39z	  -9.999	 +0.499		  81.0	 8	35.8886	3.699	161.05																																				
PIRATA-FR30	st038c01	B	2020-03-12T15:06:39z	  -9.999	 +0.499		 101.0	 7	35.7553	3.597	156.64																																				
PIRATA-FR30	st038c01	B	2020-03-12T15:06:39z	  -9.999	 +0.499		 354.0	 6	34.8432	2.125	 92.46																																				
PIRATA-FR30	st038c01	B	2020-03-12T15:06:39z	  -9.999	 +0.499		 706.0	 5	34.5152	3.230	140.52																																				
PIRATA-FR30	st038c01	B	2020-03-12T15:06:39z	  -9.999	 +0.499		 706.0	 4	34.5164	3.232	140.57																																				
PIRATA-FR30	st038c01	B	2020-03-12T15:06:39z	  -9.999	 +0.499		1008.0	 3	34.6536	3.618	157.31																																				
PIRATA-FR30	st038c01	B	2020-03-12T15:06:39z	  -9.999	 +0.499		1514.0	 2	34.9532	5.133	223.13																																				
PIRATA-FR30	st038c01	B	2020-03-12T15:06:39z	  -9.999	 +0.499		2023.0	 1	34.9604	5.688	247.23																																				
PIRATA-FR30	st039c01	B	2020-03-12T19:44:44z	 -10.000	 +1.000		   3.0	12	34.8271	4.432	193.66						0.0044	0.0040	0.0061	0.0038	0.0045				0.0128	0.0066			0.0944		0.0040	0.0054	0.0094	0.0115			0.0432	0.0461	0.0893	0.0010							
PIRATA-FR30	st039c01	B	2020-03-12T19:44:44z	 -10.000	 +1.000		  20.0	11	35.8516	4.449	194.27						0.0047	0.0038	0.0047	0.0037	0.0058				0.0141	0.0056			0.0867		0.0037	0.0050	0.0087	0.0107			0.0429	0.0417	0.0846	0.0009							
PIRATA-FR30	st039c01	B	2020-03-12T19:44:44z	 -10.000	 +1.000		  40.0	10	35.7670	4.878	212.90						0.0132	0.0161	0.0089	0.0092	0.0100	0.0011		0.0025	0.0460	0.0075	0.0010		0.0875		0.0132	0.0171	0.0303	0.0214			0.1006	0.1129	0.2135	0.0021							
PIRATA-FR30	st039c01	B	2020-03-12T19:44:44z	 -10.000	 +1.000		  61.0	 9	35.8496	3.323	144.70						0.0486	0.0437	0.0111	0.0676	0.0297	0.0114	0.0244	0.0057	0.1140	0.0120	0.0052		0.0447		0.0376	0.1275	0.1651	0.0289			0.0745	0.3200	0.3945	0.0044							
PIRATA-FR30	st039c01	B	2020-03-12T19:44:44z	 -10.000	 +1.000		  81.0	 8	35.7246	2.755	119.93						0.0398	0.0284	0.0064	0.0588	0.0240	0.0036	0.0089	0.0024	0.0627	0.0068	0.0010		0.0259		0.0823	0.0510	0.1333	0.0238			0.0594	0.1649	0.2243	0.0028							
PIRATA-FR30	st039c01	B	2020-03-12T19:44:44z	 -10.000	 +1.000		 101.0	 7	35.6417	2.318	100.89						0.0288	0.0177	0.0018	0.0392	0.0163		0.0036		0.0438	0.0043	0.0006		0.0118		0.0750	0.0275	0.1025	0.0180			0.0394	0.0912	0.1306	0.0027							
PIRATA-FR30	st039c01	B	2020-03-12T19:44:44z	 -10.000	 +1.000		 403.0	 6	34.7426	2.585	112.47																																				
PIRATA-FR30	st039c01	B	2020-03-12T19:44:44z	 -10.000	 +1.000		 403.0	 5	34.7432	2.600	113.12																																				
PIRATA-FR30	st039c01	B	2020-03-12T19:44:44z	 -10.000	 +1.000		 706.0	 4	34.5153	3.236	140.72																																				
PIRATA-FR30	st039c01	B	2020-03-12T19:44:44z	 -10.000	 +1.000		1008.0	 3	34.6673	3.656	158.96																																				
PIRATA-FR30	st039c01	B	2020-03-12T19:44:44z	 -10.000	 +1.000		1514.0	 2	34.9545	5.136	223.27																																				
PIRATA-FR30	st039c01	B	2020-03-12T19:44:44z	 -10.000	 +1.000		2021.0	 1	34.9618	5.646	245.41																																				
PIRATA-FR30	st040c01	B	2020-03-13T00:26:07z	 -10.000	 +1.499		   2.0	12	34.8796	4.433	193.77																																				
PIRATA-FR30	st040c01	B	2020-03-13T00:26:07z	 -10.000	 +1.499		  20.0	11	34.8755	4.417	193.04																																				
PIRATA-FR30	st040c01	B	2020-03-13T00:26:07z	 -10.000	 +1.499		  41.0	10	35.7152	4.713	205.69																																				
PIRATA-FR30	st040c01	B	2020-03-13T00:26:07z	 -10.000	 +1.499		  61.0	 9	35.8284	3.427	149.31																																				
PIRATA-FR30	st040c01	B	2020-03-13T00:26:07z	 -10.000	 +1.499		  81.0	 8	35.7696	3.055	133.01																																				
PIRATA-FR30	st040c01	B	2020-03-13T00:26:07z	 -10.000	 +1.499		 101.0	 7	35.6078	2.598	113.10																																				
PIRATA-FR30	st040c01	B	2020-03-13T00:26:07z	 -10.000	 +1.499		 101.0	 6	35.6073	2.604	113.35																																				
PIRATA-FR30	st040c01	B	2020-03-13T00:26:07z	 -10.000	 +1.499		 402.0	 5	34.7550	2.489	108.30																																				
PIRATA-FR30	st040c01	B	2020-03-13T00:26:07z	 -10.000	 +1.499		 705.0	 4	34.5189	3.249	141.36																																				
PIRATA-FR30	st040c01	B	2020-03-13T00:26:07z	 -10.000	 +1.499		1009.0	 3	34.6551	3.626	157.69																																				
PIRATA-FR30	st040c01	B	2020-03-13T00:26:07z	 -10.000	 +1.499		1514.0	 2	34.9648	5.288	229.90																																				
PIRATA-FR30	st040c01	B	2020-03-13T00:26:07z	 -10.000	 +1.499		2022.0	 1	34.9621	5.622	244.40																																				
PIRATA-FR30	st041c01	B	2020-03-16T03:05:11z	 -22.998	 -0.000		   5.0	12	36.1238	4.566	199.26						0.0053	0.0093	0.0078	0.0060	0.0077			0.0029	0.0202	0.0130			0.1069		0.0044	0.0059	0.0103		0.0363		0.0646	0.1998	0.2644	0.0040							
PIRATA-FR30	st041c01	B	2020-03-16T03:05:11z	 -22.998	 -0.000		  20.0	11	36.1347	4.579	199.84						0.0055	0.0086	0.0052	0.0058	0.0082			0.0032	0.0189	0.0101			0.0905		0.0043	0.0063	0.0106		0.0255		0.0545	0.1459	0.2004	0.0031							
PIRATA-FR30	st041c01	B	2020-03-16T03:05:11z	 -22.998	 -0.000		  42.0	10	36.2642	4.565	199.19						0.0096	0.0125	0.0070	0.0093	0.0074			0.0028	0.0338	0.0069	0.0013		0.0914		0.0072	0.0117	0.0189	0.0159			0.0663	0.0891	0.1554	0.0022							
PIRATA-FR30	st041c01	B	2020-03-16T03:05:11z	 -22.998	 -0.000		  60.0	 9	36.4078	4.143	180.50						0.0561	0.0422	0.0056	0.0762	0.0206	0.0094	0.0072	0.0050	0.0992	0.0109	0.0055		0.0611		0.0655	0.1370	0.2025	0.0359			0.1188	0.2806	0.3994	0.0045							
PIRATA-FR30	st041c01	B	2020-03-16T03:05:11z	 -22.998	 -0.000		  79.0	 8	36.0901	3.897	169.71						0.0430	0.0275	0.0022	0.0631	0.0161	0.0025	0.0032	0.0020	0.0662	0.0070	0.0013		0.0343		0.0921	0.0414	0.1335	0.0251			0.0797	0.1601	0.2398	0.0032							
PIRATA-FR30	st041c01	B	2020-03-16T03:05:11z	 -22.998	 -0.000		 101.0	 7	35.7171	3.751	163.29						0.0230	0.0123	0.0011	0.0312	0.0071		0.0010	0.0009	0.0324	0.0033			0.0107		0.0512	0.0167	0.0679	0.0111			0.0320	0.0672	0.0992								
PIRATA-FR30	st041c01	B	2020-03-16T03:05:11z	 -22.998	 -0.000		 402.0	 6	34.8275	2.231	 97.10																																				
PIRATA-FR30	st041c01	B	2020-03-16T03:05:11z	 -22.998	 -0.000		1009.0	 5	34.6125	3.572	155.33																																				
PIRATA-FR30	st041c01	B	2020-03-16T03:05:11z	 -22.998	 -0.000		2021.0	 4	34.9646	5.700	247.81																																				
PIRATA-FR30	st041c01	B	2020-03-16T03:05:11z	 -22.998	 -0.000		3039.0	 3	36.1180	4.840	210.36																																				
PIRATA-FR30	st041c01	B	2020-03-16T03:05:11z	 -22.998	 -0.000		3959.0	 2	34.8879	5.701	247.82																																				
PIRATA-FR30	st041c01	B	2020-03-16T03:05:11z	 -22.998	 -0.000		3960.0	 1	34.8862	5.696	247.58																																				
