//ODV Spreadsheet file : /home/proussel/Documents/OUTILS/CTD/chimie/conversion/PIRATAFR24_CHIMIE_odv.txt
//Data treated : 2020-09-24T15:01:55
//<InstrumentType>Chemical bottle analysis</InstrumentType>
//<Source>/home/proussel/Documents/OUTILS/CTD/chimie/conversion/PIRATAFR24_CHIMIE.xlsx</Sources>
//<DataType>Bottles</DataType>
//<Creator>Pierre.Rousselot@ird.fr</Creator>
//
Cruise	Station	Type	yyyy-mm-ddThh:mm:ss	Longitude [degrees_east]	Latitude [degrees_north]	Bot. Depth [m]	DEPTH [m]	Bottle nb	PSAL [Psu]	DOX1 [ml/l]	DOX2 [micromole/kg]	NTIW [micromole/kg]	NTAW+NTIW [micromole/kg]	NTAW [micromole/kg]	PHOW [micromole/kg]	SLCW [micromole/kg]	CHC3 [microgramme/l]	CHCZ [microgramme/l]	PERP [microgramme/l]	BFUP [microgramme/l]	FUCP [microgramme/l]	NEXW [microgramme/l]	PXAP [microgramme/l]	VIOW [microgramme/l]	HFUP [microgramme/l]	DXAP [microgramme/l]	AXAP [microgramme/l]	TXAP [microgramme/l]	ZXAP [microgramme/l]	LUTW [microgramme/l]	CHBD [microgramme/l]	CH2P [microgramme/l]	CHLB [microgramme/l]	AACP [microgramme/l]	BBCP [microgramme/l]	PHEP [microgramme/l]	CHAD [microgramme/l]	CH1P [microgramme/l]	CPHL [microgramme/l]	PHEA [microgramme/l]	CXAP [microgramme/l]
PIRATA Fr24	st001c01	B	2014-04-12T08:48:00z	 -20.317	 +7.000		1000.0	11	 34.711	3.058	133.00																															
PIRATA Fr24	st001c01	B	2014-04-12T08:48:00z	 -20.317	 +7.000		1000.0	10	 34.712	3.052	132.80																															
PIRATA Fr24	st001c01	B	2014-04-12T08:48:00z	 -20.317	 +7.000		1000.0	 9	 34.712	3.051	132.70																															
PIRATA Fr24	st001c01	B	2014-04-12T08:48:00z	 -20.317	 +7.000		1000.0	 8	 34.712	3.055	132.90																															
PIRATA Fr24	st001c01	B	2014-04-12T08:48:00z	 -20.317	 +7.000		1000.0	 7	 34.712	3.054	132.80																															
PIRATA Fr24	st001c01	B	2014-04-12T08:48:00z	 -20.317	 +7.000		1000.0	 6	 34.712	3.056	132.90																															
PIRATA Fr24	st001c01	B	2014-04-12T08:48:00z	 -20.317	 +7.000		1000.0	 5	 34.712	3.058	133.00																															
PIRATA Fr24	st001c01	B	2014-04-12T08:48:00z	 -20.317	 +7.000		1000.0	 4	 34.712	3.080	133.90																															
PIRATA Fr24	st001c01	B	2014-04-12T08:48:00z	 -20.317	 +7.000		1000.0	 3	 34.712	3.052	132.70																															
PIRATA Fr24	st001c01	B	2014-04-12T08:48:00z	 -20.317	 +7.000		1000.0	 2	 34.712	3.055	132.80																															
PIRATA Fr24	st001c01	B	2014-04-12T08:48:00z	 -20.317	 +7.000		1000.0	 1	 34.712	3.053	132.80																															
PIRATA Fr24	st002c01	B	2014-04-14T20:50:00z	 -23.000	 +0.000		   0.0	11	 35.645	4.574	199.70						0.0037	0.0054	0.0034	0.0035	0.0041	0.0006		0.0013	0.0155	0.0059			0.0968		0.0037	0.0039	0.0076	0.0162			0.0520	0.0702	0.1222	0.0013		
PIRATA Fr24	st002c01	B	2014-04-14T20:50:00z	 -23.000	 +0.000		  10.0	10	 35.907	4.642	202.60																															
PIRATA Fr24	st002c01	B	2014-04-14T20:50:00z	 -23.000	 +0.000		  20.0	 9	 35.971	4.689	204.70						0.0048	0.0084	0.0054	0.0061	0.0064	0.0008		0.0011	0.0220	0.0114			0.1611		0.0038	0.0058	0.0096	0.0371			0.0897	0.1530	0.2428	0.0017		
PIRATA Fr24	st002c01	B	2014-04-14T20:50:00z	 -23.000	 +0.000		  40.0	 8	 36.424	4.656	203.00						0.0114	0.0146	0.0079	0.0122	0.0066	0.0014		0.0014	0.0439	0.0075			0.1152		0.0125	0.0166	0.0291	0.0235			0.0975	0.1082	0.2058	0.0007		
PIRATA Fr24	st002c01	B	2014-04-14T20:50:00z	 -23.000	 +0.000		  60.0	 7	 36.557	4.354	189.70						0.0954	0.0698	0.0069	0.1099	0.0230	0.0112	0.0090	0.0064	0.1882	0.0143	0.0061		0.1014		0.1352	0.1733	0.3085	0.0687			0.2131	0.4645	0.6776	0.0103		
PIRATA Fr24	st002c01	B	2014-04-14T20:50:00z	 -23.000	 +0.000		  80.0	 6	 36.073	4.091	178.10						0.0596	0.0428		0.0900	0.0182	0.0038	0.0047	0.0021	0.0900	0.0079	0.0038		0.0510		0.1443	0.0660	0.2103	0.0480			0.1400	0.2663	0.4063	0.0061		
PIRATA Fr24	st002c01	B	2014-04-14T20:50:00z	 -23.000	 +0.000		 100.0	 5	 35.775	4.007	174.40																															
PIRATA Fr24	st002c01	B	2014-04-14T20:50:00z	 -23.000	 +0.000		 500.0	 4	 34.652	2.744	119.30						0.0310	0.0169		0.0438	0.0069	0.0009	0.0015	0.0006	0.0481	0.0036	0.0005		0.0142		0.1007		0.1007	0.0203			0.0498	0.1105	0.1603	0.0034		
PIRATA Fr24	st002c01	B	2014-04-14T20:50:00z	 -23.000	 +0.000		1000.0	 3	 34.709	3.753	163.20																															
PIRATA Fr24	st002c01	B	2014-04-14T20:50:00z	 -23.000	 +0.000		2000.0	 2	 34.964	5.727	248.90																															
PIRATA Fr24	st002c01	B	2014-04-14T20:50:00z	 -23.000	 +0.000		2000.0	 1	 34.965	5.720	248.60																															
PIRATA Fr24	st004c01	B	2014-04-19T22:03:00z	 -10.000	-10.000		   0.0	11	 36.595	4.578	199.70	 0.00	  0.000	0.000	  0.15	 1.10	0.0045	0.0054	0.0014	0.0046	0.0024	0.0006		0.0008	0.0175	0.0040			0.0707		0.0028	0.0032	0.0060	0.0085			0.0442	0.0391	0.0833	0.0024		
PIRATA Fr24	st004c01	B	2014-04-19T22:03:00z	 -10.000	-10.000		  10.0	10	 36.594	4.580	199.80	 0.00	  0.100	0.100	  0.23	 1.10																										
PIRATA Fr24	st004c01	B	2014-04-19T22:03:00z	 -10.000	-10.000		  20.0	 9	 36.595	4.577	199.60	 0.01	  0.000	0.000	  0.19	 1.00	0.0045	0.0058	0.0015	0.0048	0.0026	0.0006		0.0008	0.0177	0.0039			0.0868		0.0042	0.0029	0.0072	0.0105			0.0564	0.0399	0.0963	0.0027		
PIRATA Fr24	st004c01	B	2014-04-19T22:03:00z	 -10.000	-10.000		  40.0	 8	 36.595	4.579	199.70	 0.00	  0.100	0.000	  0.15	 1.00	0.0046	0.0056		0.0050	0.0027	0.0006		0.0008	0.0187	0.0036			0.0554		0.0023	0.0031	0.0054	0.0073			0.0360	0.0401	0.0761	0.0006		
PIRATA Fr24	st004c01	B	2014-04-19T22:03:00z	 -10.000	-10.000		  60.0	 7	 36.594	4.607	200.90	 0.01	  0.100	0.100	  0.14	 1.10	0.0055	0.0068	0.0018	0.0058	0.0027	0.0006		0.0009	0.0221	0.0039			0.0776		0.0037	0.0040	0.0078	0.0105			0.0559	0.0444	0.1004	0.0003		
PIRATA Fr24	st004c01	B	2014-04-19T22:03:00z	 -10.000	-10.000		  80.0	 6	 36.588	5.220	227.40	 0.01	  0.100	0.100	  0.11	 1.10	0.0194	0.0217	0.0054	0.0220	0.0046	0.0016		0.0018	0.0675	0.0055			0.0835		0.0106	0.0276	0.0382	0.0212			0.1188	0.1208	0.2396	0.0013		
PIRATA Fr24	st004c01	B	2014-04-19T22:03:00z	 -10.000	-10.000		 100.0	 5	 36.398	4.525	197.00	 0.16	  1.900	1.660	  0.37	 1.90	0.0442	0.0356	0.0053	0.0671	0.0102	0.0177	0.0015	0.0051	0.0846	0.0055	0.0009	0.0009	0.0551		0.0735	0.0735	0.1470	0.0336			0.1299	0.2074	0.3374	0.0035		
PIRATA Fr24	st004c01	B	2014-04-19T22:03:00z	 -10.000	-10.000		 500.0	 4	 34.661	1.951	 84.80																															
PIRATA Fr24	st004c01	B	2014-04-19T22:03:00z	 -10.000	-10.000		1000.0	 3	 34.573	3.535	153.70																															
PIRATA Fr24	st004c01	B	2014-04-19T22:03:00z	 -10.000	-10.000		1000.0	 2	 34.570	3.534	153.60																															
PIRATA Fr24	st004c01	B	2014-04-19T22:03:00z	 -10.000	-10.000		2000.0	 1	 34.935	5.380	233.80																															
PIRATA Fr24	st005c01	B	2014-04-21T16:24:00z	  -8.250	 -9.500		   0.0	11	 36.616	4.562	199.00	 0.01	  0.000	0.000	  0.11	 1.00																										
PIRATA Fr24	st005c01	B	2014-04-21T16:24:00z	  -8.250	 -9.500		  10.0	10	 36.614	4.551	198.50	 0.01	  0.000	0.000	  0.12	 1.00																										
PIRATA Fr24	st005c01	B	2014-04-21T16:24:00z	  -8.250	 -9.500		  20.0	 9	 36.609	4.556	198.70	 0.00	  0.100	0.100	  0.13	 1.00																										
PIRATA Fr24	st005c01	B	2014-04-21T16:24:00z	  -8.250	 -9.500		  40.0	 8	 36.606	4.561	198.90	 0.00	  0.100	0.100	  0.12	 1.00																										
PIRATA Fr24	st005c01	B	2014-04-21T16:24:00z	  -8.250	 -9.500		  60.0	 7	 36.502	5.160	224.90	 0.00	  0.100	0.100	  0.11	 1.10																										
PIRATA Fr24	st005c01	B	2014-04-21T16:24:00z	  -8.250	 -9.500		  80.0	 6	 36.325	4.748	206.80	 0.05	  0.500	0.500	  0.28	 1.60																										
PIRATA Fr24	st005c01	B	2014-04-21T16:24:00z	  -8.250	 -9.500		 100.0	 5	 35.897	2.855	124.30	 0.38	 16.300	15.900	  0.97	 4.20																										
PIRATA Fr24	st005c01	B	2014-04-21T16:24:00z	  -8.250	 -9.500		 500.0	 4	 34.659	1.897	 82.50																															
PIRATA Fr24	st005c01	B	2014-04-21T16:24:00z	  -8.250	 -9.500		 500.0	 3	 34.661	1.912	 83.20																															
PIRATA Fr24	st005c01	B	2014-04-21T16:24:00z	  -8.250	 -9.500		1000.0	 2	 34.597	3.552	154.50																															
PIRATA Fr24	st005c01	B	2014-04-21T16:24:00z	  -8.250	 -9.500		2000.0	 1	 34.936	5.414	235.30																															
PIRATA Fr24	st006c01	B	2014-04-21T21:37:00z	  -8.500	 -9.000		   0.0	11	 36.580	4.559	198.90	 0.01	  0.000	0.000	  0.12	 1.10	0.0042	0.0058	0.0021	0.0043	0.0022	0.0006		0.0009	0.0160	0.0045			0.0802		0.0035	0.0055	0.0090	0.0093			0.0449	0.0346	0.0795			
PIRATA Fr24	st006c01	B	2014-04-21T21:37:00z	  -8.500	 -9.000		  10.0	10	 36.579	4.559	198.80	 0.00	  0.100	0.100	  0.10	 1.10																										
PIRATA Fr24	st006c01	B	2014-04-21T21:37:00z	  -8.500	 -9.000		  20.0	 9	 36.579	4.558	198.80	 0.00	  0.000	0.000	  0.10	 1.10																										
PIRATA Fr24	st006c01	B	2014-04-21T21:37:00z	  -8.500	 -9.000		  40.0	 8	 36.578	4.562	199.00	 0.00	  0.000	0.000	  0.11	 1.10																										
PIRATA Fr24	st006c01	B	2014-04-21T21:37:00z	  -8.500	 -9.000		  60.0	 7	 36.533	5.140	224.00	 0.00	  0.000	0.000	  0.08	 1.20																										
PIRATA Fr24	st006c01	B	2014-04-21T21:37:00z	  -8.500	 -9.000		  80.0	 6	 36.455	4.977	216.80	 0.03	  0.300	0.300	  0.17	 1.50																										
PIRATA Fr24	st006c01	B	2014-04-21T21:37:00z	  -8.500	 -9.000		 100.0	 5	 36.002	3.183	138.60	 0.60	 13.800	13.200	  0.81	 3.60																										
PIRATA Fr24	st006c01	B	2014-04-21T21:37:00z	  -8.500	 -9.000		 100.0	 4	 35.983	3.111	135.40	 0.56	 14.600	14.000	  0.87	 3.70																										
PIRATA Fr24	st006c01	B	2014-04-21T21:37:00z	  -8.500	 -9.000		 500.0	 3	 34.653	1.928	 83.90																															
PIRATA Fr24	st006c01	B	2014-04-21T21:37:00z	  -8.500	 -9.000		1000.0	 2	 34.604	3.676	159.80																															
PIRATA Fr24	st006c01	B	2014-04-21T21:37:00z	  -8.500	 -9.000		2000.0	 1	 34.933	5.371	233.40																															
PIRATA Fr24	st007c01	B	2014-04-22T03:13:00z	  -8.750	 -8.500		   0.0	11	 36.598	4.520	197.20	 0.00	  0.000	0.000	  0.12	 1.00																										
PIRATA Fr24	st007c01	B	2014-04-22T03:13:00z	  -8.750	 -8.500		  10.0	10	 36.597	4.534	197.80	 0.00	  0.100	0.100	  0.09	 1.00																										
PIRATA Fr24	st007c01	B	2014-04-22T03:13:00z	  -8.750	 -8.500		  20.0	 9	 36.598	4.524	197.30	 0.00	  0.000	0.000	  0.12	 1.00																										
PIRATA Fr24	st007c01	B	2014-04-22T03:13:00z	  -8.750	 -8.500		  40.0	 8	 36.599	4.526	197.40	 0.00	  0.100	0.100	  0.11	 1.00																										
PIRATA Fr24	st007c01	B	2014-04-22T03:13:00z	  -8.750	 -8.500		  60.0	 7	 36.533	5.099	222.30	 0.00	  0.000	0.000	  0.11	 1.10																										
PIRATA Fr24	st007c01	B	2014-04-22T03:13:00z	  -8.750	 -8.500		  80.0	 6	 36.418	4.998	217.70	 0.00	  0.000	0.000	  0.18	 1.50																										
PIRATA Fr24	st007c01	B	2014-04-22T03:13:00z	  -8.750	 -8.500		  80.0	 5	 36.419	4.995	217.60	 0.00	  0.100	0.100	  0.18	 1.50																										
PIRATA Fr24	st007c01	B	2014-04-22T03:13:00z	  -8.750	 -8.500		 100.0	 4	 36.041	3.338	145.30	 0.42	 12.800	12.300	  0.79	 3.50																										
PIRATA Fr24	st007c01	B	2014-04-22T03:13:00z	  -8.750	 -8.500		 500.0	 3	 34.668	1.929	 83.90																															
PIRATA Fr24	st007c01	B	2014-04-22T03:13:00z	  -8.750	 -8.500		1000.0	 2	 34.605	3.569	155.20																															
PIRATA Fr24	st007c01	B	2014-04-22T03:13:00z	  -8.750	 -8.500		2000.0	 1	 34.935	5.408	235.10																															
PIRATA Fr24	st008c01	B	2014-04-22T06:55:00z	  -9.000	 -8.000		   0.0	11	 36.530	4.524	197.40	 0.00	  0.100	0.100	  0.11	 1.00	0.0025	0.0064	0.0021	0.0042	0.0023	0.0006		0.0009	0.0162	0.0041			0.0713		0.0051	0.0050	0.0101	0.0113			0.0555	0.0427	0.0982	0.0011		
PIRATA Fr24	st008c01	B	2014-04-22T06:55:00z	  -9.000	 -8.000		  10.0	10	 36.529	4.519	197.20	 0.00	  0.100	0.000	  0.11	 1.00																										
PIRATA Fr24	st008c01	B	2014-04-22T06:55:00z	  -9.000	 -8.000		  20.0	 9	 36.529	4.521	197.20	 0.00	  0.100	0.100	  0.13	 1.00	0.0021	0.0059	0.0019	0.0040	0.0024	0.0005		0.0010	0.0162	0.0036			0.0642		0.0038	0.0037	0.0075	0.0085			0.0507	0.0388	0.0895	0.0014		
PIRATA Fr24	st008c01	B	2014-04-22T06:55:00z	  -9.000	 -8.000		  40.0	 8	 36.530	4.594	200.40	 0.00	  0.100	0.100	  0.12	 1.00	0.0019	0.0061	0.0018	0.0042	0.0023	0.0005		0.0009	0.0166	0.0027			0.0635		0.0041	0.0040	0.0081	0.0097			0.0527	0.0393	0.0920	0.0009		
PIRATA Fr24	st008c01	B	2014-04-22T06:55:00z	  -9.000	 -8.000		  60.0	 7	 36.455	5.152	224.50	 0.00	  0.000	0.000	  0.11	 1.10	0.0086	0.0146	0.0042	0.0180	0.0045	0.0011		0.0010	0.0419	0.0038			0.0483		0.0037	0.0164	0.0201	0.0109			0.0504	0.0828	0.1332	0.0011		
PIRATA Fr24	st008c01	B	2014-04-22T06:55:00z	  -9.000	 -8.000		  60.0	 6	 36.455	5.150	224.40	 0.00	  0.000	0.000	  0.10	 1.20																										
PIRATA Fr24	st008c01	B	2014-04-22T06:55:00z	  -9.000	 -8.000		  80.0	 5	 36.233	4.045	176.10	 0.21	  5.800	5.600	  0.46	 2.40	0.0436	0.0338	0.0111	0.0628	0.0123	0.0114	0.0008	0.0035	0.0872	0.0060	0.0013		0.0363		0.0183	0.0854	0.1037	0.0175			0.0476	0.2016	0.2492	0.0029		
PIRATA Fr24	st008c01	B	2014-04-22T06:55:00z	  -9.000	 -8.000		 100.0	 4	 35.647	2.317	100.80	 0.13	 23.300	23.200	  1.17	 5.70	0.0361	0.0227	0.0046	0.0570	0.0119	0.0042	0.0018	0.0008	0.0533	0.0046	0.0012		0.0242		0.1016	0.0275	0.1291	0.0293			0.0607	0.1386	0.1993	0.0043		
PIRATA Fr24	st008c01	B	2014-04-22T06:55:00z	  -9.000	 -8.000		 500.0	 3	 34.665	1.659	 72.10																															
PIRATA Fr24	st008c01	B	2014-04-22T06:55:00z	  -9.000	 -8.000		1000.0	 2	 34.597	3.518	152.90																															
PIRATA Fr24	st008c01	B	2014-04-22T06:55:00z	  -9.000	 -8.000		2000.0	 1	 34.944	5.572	242.20																															
PIRATA Fr24	st009c01	B	2014-04-22T11:35:00z	  -9.250	 -7.500		   0.0	11	 36.508	4.540	198.10	 0.01	  0.000	0.000	  0.07	 1.10																										
PIRATA Fr24	st009c01	B	2014-04-22T11:35:00z	  -9.250	 -7.500		  10.0	10	 36.508	4.536	197.90	 0.01	  0.000	0.000	  0.10	 1.00																										
PIRATA Fr24	st009c01	B	2014-04-22T11:35:00z	  -9.250	 -7.500		  20.0	 9	 36.506	4.540	198.10	 0.01	  0.000	0.000	  0.10	 1.10																										
PIRATA Fr24	st009c01	B	2014-04-22T11:35:00z	  -9.250	 -7.500		  40.0	 8	 36.506	4.543	198.20	 0.01	  0.000	0.000	  0.09	 1.10																										
PIRATA Fr24	st009c01	B	2014-04-22T11:35:00z	  -9.250	 -7.500		  40.0	 7	 36.505	4.545	198.30	 0.01	  0.000	0.000	  0.09	 1.10																										
PIRATA Fr24	st009c01	B	2014-04-22T11:35:00z	  -9.250	 -7.500		  60.0	 6	 36.380	5.149	224.40	 0.02	  0.100	0.100	  0.11	 1.40																										
PIRATA Fr24	st009c01	B	2014-04-22T11:35:00z	  -9.250	 -7.500		  80.0	 5	 35.881	3.023	131.60	 0.34	 13.700	13.400	  0.87	 4.10																										
PIRATA Fr24	st009c01	B	2014-04-22T11:35:00z	  -9.250	 -7.500		 100.0	 4	 35.594	2.310	100.50	 0.09	 19.300	19.300	  1.26	 5.90																										
PIRATA Fr24	st009c01	B	2014-04-22T11:35:00z	  -9.250	 -7.500		 500.0	 3	 34.684	1.534	 66.70																															
PIRATA Fr24	st009c01	B	2014-04-22T11:35:00z	  -9.250	 -7.500		1000.0	 2	 34.627	3.689	160.40																															
PIRATA Fr24	st009c01	B	2014-04-22T11:35:00z	  -9.250	 -7.500		2000.0	 1	 34.948	5.507	239.40																															
PIRATA Fr24	st010c01	B	2014-04-22T16:51:00z	  -9.500	 -7.000		   0.0	11	 36.453	4.513	196.90	 0.00	  0.000	0.000	  0.12	 1.20	0.0057	0.0080	0.0038	0.0041	0.0038			0.0006	0.0212	0.0060			0.0964		0.0110		0.0110	0.0142			0.0727	0.0486	0.1213	0.0012		
PIRATA Fr24	st010c01	B	2014-04-22T16:51:00z	  -9.500	 -7.000		  10.0	10	 36.451	4.507	196.60	 0.00	  0.000	0.000	  0.12	 1.10																										
PIRATA Fr24	st010c01	B	2014-04-22T16:51:00z	  -9.500	 -7.000		  20.0	 9	 36.451	4.519	197.10	 0.00	  0.000	0.000	  0.12	 1.10																										
PIRATA Fr24	st010c01	B	2014-04-22T16:51:00z	  -9.500	 -7.000		  20.0	 8	 36.452	4.507	196.60	 0.00	  0.000	0.000	  0.12	 1.10																										
PIRATA Fr24	st010c01	B	2014-04-22T16:51:00z	  -9.500	 -7.000		  40.0	 7	 36.450	4.525	197.40	 0.00	  0.100	0.100	  0.17	 1.20																										
PIRATA Fr24	st010c01	B	2014-04-22T16:51:00z	  -9.500	 -7.000		  60.0	 6	 36.251	5.045	220.00	 0.01	  0.000	0.000	  0.17	 1.50																										
PIRATA Fr24	st010c01	B	2014-04-22T16:51:00z	  -9.500	 -7.000		  80.0	 5	 35.919	3.541	154.20	 0.28	  9.200	8.900	  0.70	 3.30																										
PIRATA Fr24	st010c01	B	2014-04-22T16:51:00z	  -9.500	 -7.000		 100.0	 4	 35.734	2.611	113.70	 0.38	 17.300	17.000	  1.09	 4.90																										
PIRATA Fr24	st010c01	B	2014-04-22T16:51:00z	  -9.500	 -7.000		 500.0	 3	 34.682	1.713	 74.50																															
PIRATA Fr24	st010c01	B	2014-04-22T16:51:00z	  -9.500	 -7.000		1000.0	 2	 34.614	3.712	161.40																															
PIRATA Fr24	st010c01	B	2014-04-22T16:51:00z	  -9.500	 -7.000		2000.0	 1	 34.952	5.559	241.70																															
PIRATA Fr24	st011c01	B	2014-04-22T22:12:00z	  -9.750	 -6.500		   0.0	11	 36.345	4.488	195.80	 0.00	  0.200	0.200	  0.11	 1.20																										
PIRATA Fr24	st011c01	B	2014-04-22T22:12:00z	  -9.750	 -6.500		  10.0	10	 36.344	4.488	195.80	 0.00	  0.200	0.200	  0.12	 1.20																										
PIRATA Fr24	st011c01	B	2014-04-22T22:12:00z	  -9.750	 -6.500		  10.0	 9	 36.344	4.487	195.80	 0.00	  0.100	0.100	  0.13	 1.20																										
PIRATA Fr24	st011c01	B	2014-04-22T22:12:00z	  -9.750	 -6.500		  20.0	 8	 36.343	4.488	195.80	 0.00	  0.200	0.200	  0.13	 1.20																										
PIRATA Fr24	st011c01	B	2014-04-22T22:12:00z	  -9.750	 -6.500		  40.0	 7	 36.352	4.485	195.70	 0.00	  0.100	0.100	  0.14	 1.10																										
PIRATA Fr24	st011c01	B	2014-04-22T22:12:00z	  -9.750	 -6.500		  60.0	 6	 36.354	4.700	205.00	 0.00	  0.200	0.200	  0.14	 1.30																										
PIRATA Fr24	st011c01	B	2014-04-22T22:12:00z	  -9.750	 -6.500		  80.0	 5	 35.973	3.514	153.10	 0.25	  9.400	9.200	  0.68	 3.30																										
PIRATA Fr24	st011c01	B	2014-04-22T22:12:00z	  -9.750	 -6.500		 100.0	 4	 35.824	2.724	118.60	 0.14	 16.000	15.900	  1.03	 4.50																										
PIRATA Fr24	st011c01	B	2014-04-22T22:12:00z	  -9.750	 -6.500		 500.0	 3	 34.676	1.804	 78.50																															
PIRATA Fr24	st011c01	B	2014-04-22T22:12:00z	  -9.750	 -6.500		1000.0	 2	 34.611	3.705	161.10																															
PIRATA Fr24	st011c01	B	2014-04-22T22:12:00z	  -9.750	 -6.500		2000.0	 1	 34.948	5.547	241.00																															
PIRATA Fr24	st012c01	B	2014-04-23T19:43:00z	 -10.000	 -6.000		   0.0	11	 36.171	4.483	195.70	 0.00	  0.100	0.100	  0.13	 1.00	0.0049	0.0058		0.0034	0.0028			0.0006	0.0176	0.0037			0.0880			0.0037	0.0037	0.0133			0.0685	0.0333	0.1017			
PIRATA Fr24	st012c01	B	2014-04-23T19:43:00z	 -10.000	 -6.000		   0.0	10	 36.169	4.481	195.50	 0.00	  0.100	0.100	  0.13	 1.00																										
PIRATA Fr24	st012c01	B	2014-04-23T19:43:00z	 -10.000	 -6.000		  10.0	 9	 36.170	4.482	195.60	 0.00	  0.100	0.100	  0.14	 1.00																										
PIRATA Fr24	st012c01	B	2014-04-23T19:43:00z	 -10.000	 -6.000		  20.0	 8	 36.167	4.480	195.50	 0.00	  0.100	0.100	  0.14	 0.90	0.0052	0.0057	0.0018	0.0041	0.0031			0.0007	0.0201	0.0049			0.0659		0.0055	0.0050	0.0105	0.0101			0.0494	0.0375	0.0870	0.0014		
PIRATA Fr24	st012c01	B	2014-04-23T19:43:00z	 -10.000	 -6.000		  40.0	 7	 36.201	4.829	210.70	 0.00	  0.200	0.200	  0.13	 1.00	0.0059	0.0067	0.0026	0.0046	0.0030			0.0006	0.0230	0.0046			0.0711		0.0070	0.0053	0.0123	0.0116			0.0588	0.0464	0.1052	0.0012		
PIRATA Fr24	st012c01	B	2014-04-23T19:43:00z	 -10.000	 -6.000		  60.0	 6	 36.260	4.765	207.80	 0.01	  0.400	0.300	  0.20	 1.50	0.0329	0.0329	0.0066	0.0443	0.0097			0.0019	0.0991	0.0086			0.0561		0.0061	0.0389	0.0450	0.0145			0.0663	0.1718	0.2381	0.0021		
PIRATA Fr24	st012c01	B	2014-04-23T19:43:00z	 -10.000	 -6.000		  80.0	 5	 36.044	3.859	168.20	 0.28	  6.600	6.400	  0.55	 2.70	0.0422	0.0369	0.0057	0.0640	0.0106			0.0050	0.0856	0.0057	0.0008		0.0742		0.0605	0.1424	0.2029	0.0337			0.1138	0.2142	0.3280	0.0036		
PIRATA Fr24	st012c01	B	2014-04-23T19:43:00z	 -10.000	 -6.000		 100.0	 4	 35.714	2.452	106.80	 0.36	 19.300	18.900	  1.16	 5.00	0.0251	0.0162	0.0020	0.0427	0.0073	0.0023	0.0022	0.0007	0.0323	0.0029	0.0009		0.0140		0.0608	0.0255	0.0863	0.0169			0.0410	0.0960	0.1370	0.0017		
PIRATA Fr24	st012c01	B	2014-04-23T19:43:00z	 -10.000	 -6.000		 500.0	 3	 34.640	2.258	 98.30																															
PIRATA Fr24	st012c01	B	2014-04-23T19:43:00z	 -10.000	 -6.000		1000.0	 2	 34.600	3.569	155.20																															
PIRATA Fr24	st012c01	B	2014-04-23T19:43:00z	 -10.000	 -6.000		2000.0	 1	 34.948	5.529	240.40																															
PIRATA Fr24	st013c01	B	2014-04-24T00:11:00z	 -10.000	 -5.500		   0.0	11	 35.890	4.507	196.70	 0.00	  0.100	0.100	  0.10	 0.90																										
PIRATA Fr24	st013c01	B	2014-04-24T00:11:00z	 -10.000	 -5.500		  10.0	10	 35.891	4.495	196.20	 0.01	  0.100	0.100	  0.10	 0.90																										
PIRATA Fr24	st013c01	B	2014-04-24T00:11:00z	 -10.000	 -5.500		  20.0	 9	 35.890	4.495	196.20	 0.00	  0.100	0.100	  0.09	 0.90																										
PIRATA Fr24	st013c01	B	2014-04-24T00:11:00z	 -10.000	 -5.500		  40.0	 8	 35.911	4.501	196.50	 0.00	  0.100	0.100	  0.10	 0.90																										
PIRATA Fr24	st013c01	B	2014-04-24T00:11:00z	 -10.000	 -5.500		  60.0	 7	 36.170	4.696	204.70	 0.05	  1.000	0.900	  0.22	 1.90																										
PIRATA Fr24	st013c01	B	2014-04-24T00:11:00z	 -10.000	 -5.500		  80.0	 6	 36.079	3.998	174.20	 0.21	  5.100	4.800	  0.45	 2.50																										
PIRATA Fr24	st013c01	B	2014-04-24T00:11:00z	 -10.000	 -5.500		 100.0	 5	 35.875	2.829	123.20	 0.22	 15.000	14.900	  0.97	 4.30																										
PIRATA Fr24	st013c01	B	2014-04-24T00:11:00z	 -10.000	 -5.500		 500.0	 4	 34.621	2.371	103.20																															
PIRATA Fr24	st013c01	B	2014-04-24T00:11:00z	 -10.000	 -5.500		1000.0	 3	 34.579	3.614	157.20																															
PIRATA Fr24	st013c01	B	2014-04-24T00:11:00z	 -10.000	 -5.500		2000.0	 2	 34.948	5.540	240.80																															
PIRATA Fr24	st013c01	B	2014-04-24T00:11:00z	 -10.000	 -5.500		2000.0	 1	 34.949	5.551	241.30																															
PIRATA Fr24	st014c01	B	2014-04-24T07:05:00z	 -10.000	 -5.000		   0.0	11	 35.714	4.530	197.80	 0.01	  0.100	0.100	  0.06	 0.90	0.0105	0.0140	0.0050	0.0105	0.0101	0.0008		0.0012	0.0329	0.0084			0.1233		0.0083	0.0101	0.0184	0.0277			0.0939	0.1311	0.2251	0.0023		
PIRATA Fr24	st014c01	B	2014-04-24T07:05:00z	 -10.000	 -5.000		  10.0	10	 35.714	4.497	196.30	 0.01	  0.200	0.200	  0.07	 0.90																										
PIRATA Fr24	st014c01	B	2014-04-24T07:05:00z	 -10.000	 -5.000		  20.0	 9	 35.712	4.496	196.30	 0.01	  0.200	0.200	  0.08	 0.90																										
PIRATA Fr24	st014c01	B	2014-04-24T07:05:00z	 -10.000	 -5.000		  40.0	 8	 35.794	4.544	198.30	 0.01	  0.200	0.200	  0.08	 1.00																										
PIRATA Fr24	st014c01	B	2014-04-24T07:05:00z	 -10.000	 -5.000		  60.0	 7	 36.089	3.824	166.60	 0.33	  4.800	4.400	  0.53	 2.40																										
PIRATA Fr24	st014c01	B	2014-04-24T07:05:00z	 -10.000	 -5.000		  80.0	 6	 35.871	3.093	134.70	 0.62	 11.900	11.300	  0.86	 3.80																										
PIRATA Fr24	st014c01	B	2014-04-24T07:05:00z	 -10.000	 -5.000		 100.0	 5	 35.692	2.543	110.70	 0.09	 18.300	18.300	  1.15	 5.30																										
PIRATA Fr24	st014c01	B	2014-04-24T07:05:00z	 -10.000	 -5.000		 500.0	 4	 34.615	2.458	106.90																															
PIRATA Fr24	st014c01	B	2014-04-24T07:05:00z	 -10.000	 -5.000		1000.0	 3	 34.591	3.613	157.10																															
PIRATA Fr24	st014c01	B	2014-04-24T07:05:00z	 -10.000	 -5.000		1000.0	 2	 34.591	3.623	157.60																															
PIRATA Fr24	st014c01	B	2014-04-24T07:05:00z	 -10.000	 -5.000		2000.0	 1	 34.950	5.555	241.50																															
PIRATA Fr24	st015c01	B	2014-04-24T11:40:00z	 -10.000	 -4.500		   0.0	11	 35.643	4.489	196.00	 0.00	  0.100	0.100	  0.06	 0.80																										
PIRATA Fr24	st015c01	B	2014-04-24T11:40:00z	 -10.000	 -4.500		  10.0	10	 35.642	4.500	196.50	 0.00	  0.200	0.200	  0.06	 0.90																										
PIRATA Fr24	st015c01	B	2014-04-24T11:40:00z	 -10.000	 -4.500		  20.0	 9	 35.640	4.514	197.10	 0.00	  0.100	0.100	  0.05	 0.90																										
PIRATA Fr24	st015c01	B	2014-04-24T11:40:00z	 -10.000	 -4.500		  40.0	 8	 36.138	4.850	211.50	 0.01	  0.000	0.000	  0.18	 1.60																										
PIRATA Fr24	st015c01	B	2014-04-24T11:40:00z	 -10.000	 -4.500		  60.0	 7	 35.963	3.405	148.30	 0.36	  8.300	7.900	  0.69	 3.20																										
PIRATA Fr24	st015c01	B	2014-04-24T11:40:00z	 -10.000	 -4.500		  80.0	 6	 35.711	2.807	122.20	 0.32	 15.800	15.500	  1.06	 4.90																										
PIRATA Fr24	st015c01	B	2014-04-24T11:40:00z	 -10.000	 -4.500		 100.0	 5	 35.416	2.491	108.40	 0.05	 19.400	19.300	  1.31	 6.90																										
PIRATA Fr24	st015c01	B	2014-04-24T11:40:00z	 -10.000	 -4.500		 500.0	 4	 34.601	2.413	104.90	 0.03	 20.500	20.400	  1.26	 7.00																										
PIRATA Fr24	st015c01	B	2014-04-24T11:40:00z	 -10.000	 -4.500		 500.0	 3	 34.597	2.522	109.70																															
PIRATA Fr24	st015c01	B	2014-04-24T11:40:00z	 -10.000	 -4.500		1000.0	 2	 34.593	3.650	158.70																															
PIRATA Fr24	st015c01	B	2014-04-24T11:40:00z	 -10.000	 -4.500		2000.0	 1	 34.956	5.594	243.10																															
PIRATA Fr24	st016c01	B	2014-04-24T16:30:00z	 -10.000	 -4.000		   0.0	11	 35.326	4.511	197.00	 0.00	  0.000	0.000	  0.04	 0.90	0.0073	0.0107	0.0050	0.0100	0.0074			0.0014	0.0273	0.0087			0.1271		0.0059	0.0068	0.0127	0.0211			0.0888	0.0925	0.1813	0.0016		
PIRATA Fr24	st016c01	B	2014-04-24T16:30:00z	 -10.000	 -4.000		  10.0	10	 35.325	4.494	196.30	 0.01	  0.000	0.000	  0.04	 0.90																										
PIRATA Fr24	st016c01	B	2014-04-24T16:30:00z	 -10.000	 -4.000		  20.0	 9	 35.334	4.507	196.80	 0.00	  0.100	0.100	  0.04	 0.90	0.0109	0.0156	0.0092	0.0137	0.0098			0.0016	0.0388	0.0102	0.0013		0.1547		0.0099	0.0080	0.0179	0.0268			0.1109	0.1245	0.2354	0.0020		
PIRATA Fr24	st016c01	B	2014-04-24T16:30:00z	 -10.000	 -4.000		  40.0	 8	 36.112	4.909	214.00	 0.01	  0.000	0.000	  0.18	 1.80	0.0786	0.0802	0.0191	0.0813	0.0250	0.0036	0.0010	0.0057	0.2209	0.0220	0.0024		0.1984		0.0204	0.0879	0.1083	0.0452			0.1841	0.4226	0.6067	0.0044		
PIRATA Fr24	st016c01	B	2014-04-24T16:30:00z	 -10.000	 -4.000		  60.0	 7	 35.949	3.199	139.40	 0.55	 10.000	9.500	  0.75	 3.50	0.0620	0.0534	0.0092	0.0815	0.0172	0.0199	0.0048	0.0067	0.1120	0.0082	0.0010		0.0866		0.1095	0.1824	0.2918	0.0500			0.1613	0.2992	0.4605	0.0054		
PIRATA Fr24	st016c01	B	2014-04-24T16:30:00z	 -10.000	 -4.000		  80.0	 6	 35.610	2.624	114.20	 0.21	 17.800	17.600	  1.14	 5.70	0.0451	0.0249	0.0043	0.0559	0.0192	0.0037	0.0052	0.0023	0.0533	0.0063	0.0014		0.0185		0.1419		0.1419	0.0259			0.0579	0.1772	0.2351			
PIRATA Fr24	st016c01	B	2014-04-24T16:30:00z	 -10.000	 -4.000		 100.0	 5	 35.479	2.561	111.50	 0.06	 19.800	19.800	  1.39	 6.50	0.0342	0.0205	0.0020	0.0441	0.0117	0.0014	0.0018		0.0429	0.0036			0.0152		0.1264		0.1264	0.0245			0.0553	0.1140	0.1694	0.0020		
PIRATA Fr24	st016c01	B	2014-04-24T16:30:00z	 -10.000	 -4.000		 100.0	 4	 35.481	2.563	111.60	 0.06	 20.100	20.100	  1.30	 6.50																										
PIRATA Fr24	st016c01	B	2014-04-24T16:30:00z	 -10.000	 -4.000		 500.0	 3	 34.649	2.059	 89.60																															
PIRATA Fr24	st016c01	B	2014-04-24T16:30:00z	 -10.000	 -4.000		1000.0	 2	 34.603	3.695	160.70																															
PIRATA Fr24	st016c01	B	2014-04-24T16:30:00z	 -10.000	 -4.000		2000.0	 1	 34.952	5.583	242.70																															
PIRATA Fr24	st017c01	B	2014-04-24T21:30:00z	 -10.000	 -3.500		   0.0	11	 34.710	4.505	196.80	 0.00	  0.000	0.000	  0.05	 0.90																										
PIRATA Fr24	st017c01	B	2014-04-24T21:30:00z	 -10.000	 -3.500		  10.0	10	 34.942	4.507	196.80	 0.00	  0.000	0.000	  0.07	 0.80																										
PIRATA Fr24	st017c01	B	2014-04-24T21:30:00z	 -10.000	 -3.500		  20.0	 9	 35.036	4.531	197.90	 0.00	  0.000	0.000	  0.04	 0.90																										
PIRATA Fr24	st017c01	B	2014-04-24T21:30:00z	 -10.000	 -3.500		  40.0	 8	 36.033	4.464	194.50	 0.06	  0.900	0.900	  0.31	 2.10																										
PIRATA Fr24	st017c01	B	2014-04-24T21:30:00z	 -10.000	 -3.500		  60.0	 7	 35.812	2.772	120.70	 0.64	 14.600	13.900	  0.96	 4.40																										
PIRATA Fr24	st017c01	B	2014-04-24T21:30:00z	 -10.000	 -3.500		  80.0	 6	 35.641	2.459	107.10	 0.29	 18.700	18.400	  1.15	 5.50																										
PIRATA Fr24	st017c01	B	2014-04-24T21:30:00z	 -10.000	 -3.500		  80.0	 5	 35.637	2.470	107.50	 0.29	 18.700	18.400	  1.16	 5.60																										
PIRATA Fr24	st017c01	B	2014-04-24T21:30:00z	 -10.000	 -3.500		 100.0	 4	 35.487	2.382	103.70	 0.04	 20.900	20.800	  1.35	 6.60																										
PIRATA Fr24	st017c01	B	2014-04-24T21:30:00z	 -10.000	 -3.500		 500.0	 3	 34.637	2.140	 93.10																															
PIRATA Fr24	st017c01	B	2014-04-24T21:30:00z	 -10.000	 -3.500		1000.0	 2	 34.633	3.684	160.20																															
PIRATA Fr24	st017c01	B	2014-04-24T21:30:00z	 -10.000	 -3.500		2000.0	 1	 34.955	5.623	244.30																															
PIRATA Fr24	st018c01	B	2014-04-25T02:47:00z	 -10.000	 -3.000		   0.0	11	 34.951	4.514	197.20	 0.01	  0.100	0.100	  0.03	 0.80	0.0155	0.0187	0.0143	0.0116	0.0121	0.0009		0.0013	0.0505	0.0070			0.0674		0.0227		0.0227	0.0265			0.1026	0.1603	0.2629	0.0020		
PIRATA Fr24	st018c01	B	2014-04-25T02:47:00z	 -10.000	 -3.000		  10.0	10	 34.943	4.510	197.00	 0.00	  0.000	0.000	  0.01	 0.80																										
PIRATA Fr24	st018c01	B	2014-04-25T02:47:00z	 -10.000	 -3.000		  20.0	 9	 34.963	4.514	197.20	 0.00	  0.000	0.000	  0.03	 0.80																										
PIRATA Fr24	st018c01	B	2014-04-25T02:47:00z	 -10.000	 -3.000		  40.0	 8	 35.955	4.671	203.60	 0.03	  0.300	0.300	  0.21	 2.00																										
PIRATA Fr24	st018c01	B	2014-04-25T02:47:00z	 -10.000	 -3.000		  60.0	 7	 35.683	2.727	118.70	 0.59	 15.900	15.300	  1.02	 4.70																										
PIRATA Fr24	st018c01	B	2014-04-25T02:47:00z	 -10.000	 -3.000		  60.0	 6	 35.683	2.752	119.80	 0.59	 15.700	15.100	  1.05	 4.80																										
PIRATA Fr24	st018c01	B	2014-04-25T02:47:00z	 -10.000	 -3.000		  80.0	 5	 35.653	2.548	110.90	 0.43	 17.700	17.200	  1.13	 5.20																										
PIRATA Fr24	st018c01	B	2014-04-25T02:47:00z	 -10.000	 -3.000		 100.0	 4	 35.590	2.453	106.80	 0.11	 19.300	19.200	  1.27	 6.00																										
PIRATA Fr24	st018c01	B	2014-04-25T02:47:00z	 -10.000	 -3.000		 500.0	 3	 35.590	2.114	 91.90																															
PIRATA Fr24	st018c01	B	2014-04-25T02:47:00z	 -10.000	 -3.000		1000.0	 2	 34.609	3.591	156.10																															
PIRATA Fr24	st018c01	B	2014-04-25T02:47:00z	 -10.000	 -3.000		2000.0	 1	 34.958	5.605	243.60																															
PIRATA Fr24	st019c01	B	2014-04-25T07:40:00z	 -10.000	 -2.500		   0.0	11	 35.258	4.530	197.90	 0.00	  0.100	0.100	  0.07	 0.90																										
PIRATA Fr24	st019c01	B	2014-04-25T07:40:00z	 -10.000	 -2.500		  10.0	10	 35.257	4.531	197.90	 0.00	  0.000	0.000	  0.05	 0.80																										
PIRATA Fr24	st019c01	B	2014-04-25T07:40:00z	 -10.000	 -2.500		  20.0	 9	 35.281	4.548	198.60	 0.00	  0.000	0.000	  0.05	 0.80																										
PIRATA Fr24	st019c01	B	2014-04-25T07:40:00z	 -10.000	 -2.500		  40.0	 8	 35.798	4.625	201.60	 0.02	  0.700	0.700	  0.27	 2.20																										
PIRATA Fr24	st019c01	B	2014-04-25T07:40:00z	 -10.000	 -2.500		  40.0	 7	 35.794	4.547	198.20	 0.03	  1.000	1.000	  0.31	 2.30																										
PIRATA Fr24	st019c01	B	2014-04-25T07:40:00z	 -10.000	 -2.500		  60.0	 6	 35.661	2.537	110.40	 0.49	 17.300	16.800	  1.11	 5.10																										
PIRATA Fr24	st019c01	B	2014-04-25T07:40:00z	 -10.000	 -2.500		  80.0	 5	 35.603	2.334	101.60	 0.04	 19.700	19.600	  1.27	 5.80																										
PIRATA Fr24	st019c01	B	2014-04-25T07:40:00z	 -10.000	 -2.500		 100.0	 4	 35.588	2.415	105.10	 0.04	 19.400	19.300	  1.26	 6.00																										
PIRATA Fr24	st019c01	B	2014-04-25T07:40:00z	 -10.000	 -2.500		 500.0	 3	 34.622	2.561	111.40																															
PIRATA Fr24	st019c01	B	2014-04-25T07:40:00z	 -10.000	 -2.500		1000.0	 2	 34.597	3.612	157.10																															
PIRATA Fr24	st019c01	B	2014-04-25T07:40:00z	 -10.000	 -2.500		2000.0	 1	 34.957	5.654	245.80																															
PIRATA Fr24	st020c01	B	2014-04-25T14:00:00z	 -10.000	 -2.000		   0.0	11	 35.522	4.542	198.30	 0.02	  0.098	0.098	  0.06	 1.07	0.0045	0.0094	0.0068	0.0049	0.0067			0.0022	0.0191	0.0109			0.1159		0.0102		0.0102	0.0161			0.0877	0.0795	0.1672	0.0013		
PIRATA Fr24	st020c01	B	2014-04-25T14:00:00z	 -10.000	 -2.000		  10.0	10	 35.522	4.550	198.70	 0.00	  0.098	0.098	  0.04	 0.98																										
PIRATA Fr24	st020c01	B	2014-04-25T14:00:00z	 -10.000	 -2.000		  20.0	 9	 35.536	4.557	199.00	 0.00	  0.000	0.000	  0.04	 0.88																										
PIRATA Fr24	st020c01	B	2014-04-25T14:00:00z	 -10.000	 -2.000		  20.0	 8	 35.535	4.553	198.80	 0.00	  0.098	0.098	  0.04	 0.88	0.0064	0.0124	0.0069	0.0069	0.0083			0.0023	0.0265	0.0082	0.0010		0.1206		0.0150		0.0150	0.0243			0.1090	0.0950	0.2039	0.0018		
PIRATA Fr24	st020c01	B	2014-04-25T14:00:00z	 -10.000	 -2.000		  40.0	 7	 35.822	4.668	203.50	 0.04	  0.879	0.782	  0.21	 1.86	0.1031	0.0989	0.0312	0.0869	0.0429			0.0036	0.2934	0.0268	0.0022	0.0012	0.1103		0.0186	0.0759	0.0944	0.0442			0.1495	0.5936	0.7431	0.0054		
PIRATA Fr24	st020c01	B	2014-04-25T14:00:00z	 -10.000	 -2.000		  60.0	 6	 35.674	2.688	117.10	 0.66	 16.124	15.440	  1.06	 4.98	0.0706	0.0483	0.0075	0.0836	0.0350	0.0123	0.0127	0.0038	0.0959	0.0085			0.0391		0.1079	0.1238	0.2317	0.0374			0.0998	0.3137	0.4135			
PIRATA Fr24	st020c01	B	2014-04-25T14:00:00z	 -10.000	 -2.000		  80.0	 5	 35.611	2.500	108.90	 0.08	 18.371	18.273	  1.19	 5.77	0.0391	0.0240	0.0035	0.0521	0.0197	0.0047	0.0060	0.0015	0.0416	0.0042			0.0184		0.0848	0.0416	0.1264	0.0226			0.0509	0.1485	0.1994			
PIRATA Fr24	st020c01	B	2014-04-25T14:00:00z	 -10.000	 -2.000		 100.0	 4	 35.528	2.284	 99.40	 0.03	 20.619	20.521	  1.31	 6.55	0.0156	0.0092	0.0018	0.0213	0.0073	0.0012	0.0011	0.0004	0.0186	0.0017			0.0051		0.0462		0.0462	0.0089				0.0175	0.0175	0.0542		
PIRATA Fr24	st020c01	B	2014-04-25T14:00:00z	 -10.000	 -2.000		 500.0	 3	 34.579	3.114	135.50																															
PIRATA Fr24	st020c01	B	2014-04-25T14:00:00z	 -10.000	 -2.000		1000.0	 2	 34.599	3.593	156.20																															
PIRATA Fr24	st020c01	B	2014-04-25T14:00:00z	 -10.000	 -2.000		2000.0	 1	 34.962	5.692	247.40																															
PIRATA Fr24	st021c01	B	2014-04-25T18:58:00z	 -10.000	 -1.500		   0.0	11	 35.743	4.556	198.90	 0.00	  0.100	0.100	  0.06	 1.00																										
PIRATA Fr24	st021c01	B	2014-04-25T18:58:00z	 -10.000	 -1.500		  10.0	10	 35.744	4.559	199.00	 0.00	  0.100	0.100	  0.06	 1.00																										
PIRATA Fr24	st021c01	B	2014-04-25T18:58:00z	 -10.000	 -1.500		  10.0	 9	 35.743	4.564	199.20	 0.00	  0.100	0.100	  0.06	 1.00																										
PIRATA Fr24	st021c01	B	2014-04-25T18:58:00z	 -10.000	 -1.500		  20.0	 8	 35.784	4.589	200.30	 0.00	  0.100	0.100	  0.03	 1.00																										
PIRATA Fr24	st021c01	B	2014-04-25T18:58:00z	 -10.000	 -1.500		  40.0	 7	 35.947	4.825	210.50	 0.00	  0.100	0.100	  0.11	 1.30																										
PIRATA Fr24	st021c01	B	2014-04-25T18:58:00z	 -10.000	 -1.500		  60.0	 6	 35.806	3.442	149.90	 0.34	  8.400	8.100	  0.68	 3.50																										
PIRATA Fr24	st021c01	B	2014-04-25T18:58:00z	 -10.000	 -1.500		  80.0	 5	 35.599	3.109	135.40	 0.06	 15.600	15.600	  1.04	 5.60																										
PIRATA Fr24	st021c01	B	2014-04-25T18:58:00z	 -10.000	 -1.500		 100.0	 4	 35.517	3.247	141.30	 0.01	 15.900	15.800	  1.06	 6.10																										
PIRATA Fr24	st021c01	B	2014-04-25T18:58:00z	 -10.000	 -1.500		 500.0	 3	 34.603	2.954	128.50																															
PIRATA Fr24	st021c01	B	2014-04-25T18:58:00z	 -10.000	 -1.500		1000.0	 2	 34.605	3.575	155.50																															
PIRATA Fr24	st021c01	B	2014-04-25T18:58:00z	 -10.000	 -1.500		2000.0	 1	 34.956	5.604	243.60																															
PIRATA Fr24	st022c01	B	2014-04-25T23:55:00z	 -10.000	 -1.000		   0.0	11	 35.807	4.527	197.70	 0.00	  0.000	0.000	  0.05	 1.00	0.0037	0.0056	0.0036	0.0033	0.0038				0.0122	0.0046			0.0947		0.0036	0.0033	0.0069	0.0127			0.0515	0.0372	0.0888			
PIRATA Fr24	st022c01	B	2014-04-25T23:55:00z	 -10.000	 -1.000		   0.0	10	 35.806	4.523	197.50	 0.00	  0.100	0.100	  0.04	 1.00																										
PIRATA Fr24	st022c01	B	2014-04-25T23:55:00z	 -10.000	 -1.000		  10.0	 9	 35.805	4.525	197.50	 0.00	  0.100	0.100	  0.05	 1.00																										
PIRATA Fr24	st022c01	B	2014-04-25T23:55:00z	 -10.000	 -1.000		  20.0	 8	 35.804	4.531	197.80	 0.00	  0.100	0.100	  0.04	 1.00	0.0038	0.0057	0.0039	0.0036	0.0038			0.0009	0.0126	0.0046			0.1012		0.0037	0.0036	0.0074	0.0136			0.0518	0.0378	0.0896			
PIRATA Fr24	st022c01	B	2014-04-25T23:55:00z	 -10.000	 -1.000		  40.0	 7	 36.068	4.712	205.60	 0.00	  0.100	0.100	  0.06	 1.10	0.0213	0.0234	0.0153	0.0134	0.0088			0.0015	0.0703	0.0094	0.0025		0.1024		0.0116	0.0126	0.0241	0.0237			0.1001	0.1606	0.2607	0.0021		
PIRATA Fr24	st022c01	B	2014-04-25T23:55:00z	 -10.000	 -1.000		  60.0	 6	 36.033	3.414	148.70	 0.54	  7.700	7.200	  0.64	 3.40	0.0866	0.0622	0.0173	0.1007	0.0251	0.0099	0.0122	0.0040	0.1560	0.0115	0.0033		0.0823		0.1383	0.1233	0.2616	0.0533			0.1749	0.3831	0.5580	0.0052		
PIRATA Fr24	st022c01	B	2014-04-25T23:55:00z	 -10.000	 -1.000		  80.0	 5	 35.830	3.167	137.90	 0.18	 12.800	12.600	  0.91	 4.70	0.0749	0.0469	0.0056	0.1046	0.0257	0.0042	0.0064	0.0024	0.1003	0.0093	0.0037		0.0396		0.1096	0.0680	0.1777	0.0365			0.1015	0.2914	0.3929			
PIRATA Fr24	st022c01	B	2014-04-25T23:55:00z	 -10.000	 -1.000		 100.0	 4	 35.603	3.068	133.60	 0.05	 15.800	15.700	  1.05	 5.80	0.0383	0.0212	0.0022	0.0525	0.0125	0.0016	0.0019	0.0009	0.0529	0.0044	0.0014		0.0142		0.1011		0.1011	0.0200			0.0508	0.1327	0.1835			
PIRATA Fr24	st022c01	B	2014-04-25T23:55:00z	 -10.000	 -1.000		 500.0	 3	 34.602	2.965	129.00																															
PIRATA Fr24	st022c01	B	2014-04-25T23:55:00z	 -10.000	 -1.000		1000.0	 2	 34.625	3.636	158.10																															
PIRATA Fr24	st022c01	B	2014-04-25T23:55:00z	 -10.000	 -1.000		2000.0	 1	 34.964	5.711	248.30																															
PIRATA Fr24	st023c01	B	2014-04-26T05:12:00z	 -10.000	 -0.500		   0.0	11	 35.187	4.494	196.30	 0.01	  0.100	0.100	  0.01	 1.00																										
PIRATA Fr24	st023c01	B	2014-04-26T05:12:00z	 -10.000	 -0.500		  10.0	10	 35.201	4.500	196.50	 0.02	  0.100	0.000	  0.01	 1.00																										
PIRATA Fr24	st023c01	B	2014-04-26T05:12:00z	 -10.000	 -0.500		  20.0	 9	 35.430	4.550	198.70	 0.01	  0.100	0.100	  0.00	 1.00																										
PIRATA Fr24	st023c01	B	2014-04-26T05:12:00z	 -10.000	 -0.500		  40.0	 8	 36.145	4.704	205.30	 0.01	  0.000	0.000	  0.06	 1.20																										
PIRATA Fr24	st023c01	B	2014-04-26T05:12:00z	 -10.000	 -0.500		  60.0	 7	 36.311	4.148	180.70	 0.16	  1.400	1.200	  0.31	 2.10																										
PIRATA Fr24	st023c01	B	2014-04-26T05:12:00z	 -10.000	 -0.500		  80.0	 6	 36.123	4.074	177.40	 0.30	  5.800	5.500	  0.53	 3.00																										
PIRATA Fr24	st023c01	B	2014-04-26T05:12:00z	 -10.000	 -0.500		 100.0	 5	 35.854	3.827	166.60	 0.15	  9.100	8.900	  0.73	 3.90																										
PIRATA Fr24	st023c01	B	2014-04-26T05:12:00z	 -10.000	 -0.500		 500.0	 4	 34.576	3.057	133.00																															
PIRATA Fr24	st023c01	B	2014-04-26T05:12:00z	 -10.000	 -0.500		1000.0	 3	 34.743	3.675	159.90																															
PIRATA Fr24	st023c01	B	2014-04-26T05:12:00z	 -10.000	 -0.500		2000.0	 2	 34.963	5.701	247.80																															
PIRATA Fr24	st023c01	B	2014-04-26T05:12:00z	 -10.000	 -0.500		2000.0	 1	 34.963	5.707	248.10																															
PIRATA Fr24	st024c01	B	2014-04-27T01:18:00z	 -10.000	 +0.000		   0.0	11	 34.992	4.513	197.20	 0.00	  0.098	0.098	  0.01	 0.88	0.0045	0.0060	0.0032	0.0040	0.0039				0.0165	0.0049			0.0956		0.0053	0.0061	0.0114	0.0149			0.0595	0.0590	0.1185			
PIRATA Fr24	st024c01	B	2014-04-27T01:18:00z	 -10.000	 +0.000		  10.0	10	 34.998	4.518	197.40	 0.00	  0.195	0.195	  0.01	 0.88																										
PIRATA Fr24	st024c01	B	2014-04-27T01:18:00z	 -10.000	 +0.000		  20.0	 9	 35.358	4.609	201.30	 0.00	  0.098	0.098	  0.02	 0.98	0.0053	0.0067	0.0040	0.0047	0.0044			0.0011	0.0172	0.0048			0.1045		0.0060	0.0079	0.0139	0.0153			0.0666	0.0582	0.1248			
PIRATA Fr24	st024c01	B	2014-04-27T01:18:00z	 -10.000	 +0.000		  40.0	 8	 36.215	4.628	201.80	 0.00	  0.195	0.195	  0.05	 1.27	0.0151	0.0159	0.0082	0.0119	0.0059	0.0010		0.0013	0.0499	0.0072			0.0851		0.0110	0.0134	0.0244	0.0209			0.0892	0.1126	0.2019			
PIRATA Fr24	st024c01	B	2014-04-27T01:18:00z	 -10.000	 +0.000		  60.0	 7	 36.428	4.461	194.40	 0.01	  0.195	0.195	  0.14	 1.66	0.0484	0.0438	0.0089	0.0650	0.0135	0.0032		0.0024	0.1192	0.0103		0.0010	0.0796		0.0455	0.0749	0.1204	0.0351			0.1396	0.2367	0.3763	0.0073		
PIRATA Fr24	st024c01	B	2014-04-27T01:18:00z	 -10.000	 +0.000		  80.0	 6	 36.255	4.074	177.40	 0.47	  5.081	4.691	  0.45	 2.83	0.0578	0.0394	0.0053	0.0742	0.0162	0.0063	0.0093	0.0022	0.0965	0.0080	0.0057	0.0010	0.0364		0.0847	0.0829	0.1676	0.0336			0.0996	0.2683	0.3679	0.0067		
PIRATA Fr24	st024c01	B	2014-04-27T01:18:00z	 -10.000	 +0.000		 100.0	 5	 35.866	3.812	166.00	 0.12	  9.674	9.576	  0.73	 4.10	0.0456	0.0275	0.0031	0.0641	0.0111	0.0015	0.0018		0.0760	0.0059	0.0018		0.0200		0.1090		0.1090	0.0261			0.0706	0.1721	0.2427	0.0057		
PIRATA Fr24	st024c01	B	2014-04-27T01:18:00z	 -10.000	 +0.000		 500.0	 4	 34.598	2.941	127.90																															
PIRATA Fr24	st024c01	B	2014-04-27T01:18:00z	 -10.000	 +0.000		1000.0	 3	 34.654	3.666	159.40																															
PIRATA Fr24	st024c01	B	2014-04-27T01:18:00z	 -10.000	 +0.000		1000.0	 2	 34.654	3.660	159.10																															
PIRATA Fr24	st024c01	B	2014-04-27T01:18:00z	 -10.000	 +0.000		2000.0	 1	 34.959	5.675	246.70																															
PIRATA Fr24	st025c01	B	2014-04-27T06:00:00z	 -10.000	 +0.500		   0.0	11	 34.680	4.496	196.50	 0.02	  0.200	0.200	  0.00	 0.90																										
PIRATA Fr24	st025c01	B	2014-04-27T06:00:00z	 -10.000	 +0.500		  10.0	10	 34.682	4.493	196.30	 0.02	  0.100	0.100	  0.00	 0.80																										
PIRATA Fr24	st025c01	B	2014-04-27T06:00:00z	 -10.000	 +0.500		  20.0	 9	 35.130	4.613	201.50	 0.03	  0.100	0.100	  0.00	 0.90																										
PIRATA Fr24	st025c01	B	2014-04-27T06:00:00z	 -10.000	 +0.500		  40.0	 8	 35.953	4.617	201.40	 0.01	  0.100	0.100	  0.02	 1.20																										
PIRATA Fr24	st025c01	B	2014-04-27T06:00:00z	 -10.000	 +0.500		  60.0	 7	 36.333	4.168	181.60	 0.23	  1.600	1.400	  0.23	 2.20																										
PIRATA Fr24	st025c01	B	2014-04-27T06:00:00z	 -10.000	 +0.500		  80.0	 6	 35.901	3.265	142.10	 0.18	 11.900	11.700	  0.80	 4.40																										
PIRATA Fr24	st025c01	B	2014-04-27T06:00:00z	 -10.000	 +0.500		 100.0	 5	 35.670	3.537	154.00	 0.05	 12.800	12.800	  0.92	 5.00																										
PIRATA Fr24	st025c01	B	2014-04-27T06:00:00z	 -10.000	 +0.500		 500.0	 4	 34.605	2.939	127.80																															
PIRATA Fr24	st025c01	B	2014-04-27T06:00:00z	 -10.000	 +0.500		 500.0	 3	 34.605	2.946	128.10																															
PIRATA Fr24	st025c01	B	2014-04-27T06:00:00z	 -10.000	 +0.500		1000.0	 2	 34.640	3.635	158.00																															
PIRATA Fr24	st025c01	B	2014-04-27T06:00:00z	 -10.000	 +0.500		2000.0	 1	 34.961	5.672	246.60																															
PIRATA Fr24	st026c01	B	2014-04-27T10:35:00z	 -10.000	 +1.000		   0.0	11	 34.542	4.486	196.10	 0.01	  0.100	0.100	  1.51	 0.90	0.0055	0.0129	0.0138	0.0054	0.0052			0.0026	0.0242	0.0090			0.1128		0.0069	0.0058	0.0127	0.0200			0.0766	0.0956	0.1722			
PIRATA Fr24	st026c01	B	2014-04-27T10:35:00z	 -10.000	 +1.000		  10.0	10	 34.541	4.483	195.90	 0.00	  0.100	0.100	  0.06	 0.80																										
PIRATA Fr24	st026c01	B	2014-04-27T10:35:00z	 -10.000	 +1.000		  20.0	 9	 34.622	4.520	197.50	 0.00	  0.000	0.000	  0.01	 0.90	0.0065	0.0165	0.0217	0.0065	0.0060	0.0008		0.0028	0.0260	0.0093			0.1129		0.0096	0.0069	0.0165	0.0216			0.0868	0.1114	0.1982	0.0025		
PIRATA Fr24	st026c01	B	2014-04-27T10:35:00z	 -10.000	 +1.000		  40.0	 8	 35.738	4.463	194.70	 0.00	  0.100	0.100	  0.03	 1.30	0.0335	0.0377	0.0225	0.0255	0.0129	0.0049		0.0050	0.0858	0.0100	0.0028		0.1442		0.0372	0.0640	0.1012	0.0533			0.2135	0.2916	0.5051	0.0060		
PIRATA Fr24	st026c01	B	2014-04-27T10:35:00z	 -10.000	 +1.000		  60.0	 7	 35.811	3.146	137.10	 0.68	  4.900	4.200	  0.44	 2.70	0.0350	0.0393	0.0235	0.0266	0.0134	0.0051		0.0053	0.0895	0.0105	0.0029		0.1504		0.0388	0.0668	0.1055	0.0555			0.0000	0.2227	0.2227			
PIRATA Fr24	st026c01	B	2014-04-27T10:35:00z	 -10.000	 +1.000		  80.0	 6	 35.665	2.531	110.20	 0.12	 17.500	17.400	  1.08	 5.20	0.0472	0.0261	0.0045	0.0585	0.0201	0.0038	0.0054	0.0024	0.0557	0.0066	0.0015		0.0194		0.1484		0.1484	0.0270			0.0606	0.1853	0.2459			
PIRATA Fr24	st026c01	B	2014-04-27T10:35:00z	 -10.000	 +1.000		 100.0	 5	 35.572	3.108	135.30	 0.06	 16.000	16.000	  1.09	 5.70	0.0339	0.0162	0.0020	0.0420	0.0130	0.0012	0.0014		0.0422	0.0047			0.0095		0.0975		0.0975	0.0203			0.0428	0.1137	0.1565			
PIRATA Fr24	st026c01	B	2014-04-27T10:35:00z	 -10.000	 +1.000		 100.0	 4	 35.572	3.112	135.50	 0.06	 15.600	15.600	  1.07	 5.70																										
PIRATA Fr24	st026c01	B	2014-04-27T10:35:00z	 -10.000	 +1.000		 500.0	 3	 34.572	3.041	132.30																															
PIRATA Fr24	st026c01	B	2014-04-27T10:35:00z	 -10.000	 +1.000		1000.0	 2	 34.610	3.562	154.90																															
PIRATA Fr24	st026c01	B	2014-04-27T10:35:00z	 -10.000	 +1.000		2000.0	 1	 34.961	5.684	247.00																															
PIRATA Fr24	st027c01	B	2014-04-27T15:30:00z	 -10.000	 +1.500		   0.0	11	 34.563	4.481	195.80	 0.00	  0.200	0.200	  0.01	 0.90																										
PIRATA Fr24	st027c01	B	2014-04-27T15:30:00z	 -10.000	 +1.500		  10.0	10	 34.656	4.470	195.40	 0.01	  0.200	0.200	  0.04	 0.90																										
PIRATA Fr24	st027c01	B	2014-04-27T15:30:00z	 -10.000	 +1.500		  20.0	 9	 34.669	4.461	195.00	 0.01	  0.100	0.000	  0.01	 0.90																										
PIRATA Fr24	st027c01	B	2014-04-27T15:30:00z	 -10.000	 +1.500		  40.0	 8	 35.223	4.750	207.40	 0.02	  0.100	0.100	  0.00	 1.10																										
PIRATA Fr24	st027c01	B	2014-04-27T15:30:00z	 -10.000	 +1.500		  60.0	 7	 35.774	3.420	149.00	 0.33	  2.800	2.400	  0.36	 2.60																										
PIRATA Fr24	st027c01	B	2014-04-27T15:30:00z	 -10.000	 +1.500		  80.0	 6	 35.677	2.597	113.10	 0.11	 17.200	17.000	  1.09	 5.50																										
PIRATA Fr24	st027c01	B	2014-04-27T15:30:00z	 -10.000	 +1.500		  80.0	 5	 35.677	2.604	113.40	 0.11	 17.200	17.000	  1.12	 5.50																										
PIRATA Fr24	st027c01	B	2014-04-27T15:30:00z	 -10.000	 +1.500		 100.0	 4	 35.609	2.719	118.30	 0.02	 17.400	17.300	  1.16	 6.20																										
PIRATA Fr24	st027c01	B	2014-04-27T15:30:00z	 -10.000	 +1.500		 500.0	 3	 34.582	3.096	134.60																															
PIRATA Fr24	st027c01	B	2014-04-27T15:30:00z	 -10.000	 +1.500		1000.0	 2	 34.618	3.589	156.00																															
PIRATA Fr24	st027c01	B	2014-04-27T15:30:00z	 -10.000	 +1.500		2000.0	 1	 34.960	5.621	244.30																															
PIRATA Fr24	st028c01	B	2014-05-03T22:05:00z	 -10.000	 +0.000		   0.0	11	 35.688	4.558	198.90	 0.02	  0.200	0.200	  0.04	 1.00																										
PIRATA Fr24	st028c01	B	2014-05-03T22:05:00z	 -10.000	 +0.000		  10.0	10	 35.731	4.584	200.10	 0.01	  0.100	0.100	  0.03	 1.00																										
PIRATA Fr24	st028c01	B	2014-05-03T22:05:00z	 -10.000	 +0.000		  20.0	 9	 35.917	4.607	201.10	 0.01	  0.200	0.200	  0.03	 1.10																										
PIRATA Fr24	st028c01	B	2014-05-03T22:05:00z	 -10.000	 +0.000		  40.0	 8	 36.460	4.582	199.80	 0.01	  0.200	0.200	  0.09	 1.30																										
PIRATA Fr24	st028c01	B	2014-05-03T22:05:00z	 -10.000	 +0.000		  60.0	 7	 36.392	4.299	187.30	 0.19	  2.000	1.800	  0.24	 1.90																										
PIRATA Fr24	st028c01	B	2014-05-03T22:05:00z	 -10.000	 +0.000		  80.0	 6	 36.148	3.911	170.30	 0.32	  7.500	7.100	  0.50	 3.20																										
PIRATA Fr24	st028c01	B	2014-05-03T22:05:00z	 -10.000	 +0.000		 100.0	 5	 35.842	3.736	162.60	 0.10	 11.100	11.000	  0.71	 4.40																										
PIRATA Fr24	st028c01	B	2014-05-03T22:05:00z	 -10.000	 +0.000		 500.0	 4	 34.579	2.994	130.30	 0.02	 33.000	33.000	  2.05	21.00																										
PIRATA Fr24	st028c01	B	2014-05-03T22:05:00z	 -10.000	 +0.000		1000.0	 3	 34.657	3.659	159.10	 0.01	 31.800	31.800	  2.07	29.30																										
PIRATA Fr24	st028c01	B	2014-05-03T22:05:00z	 -10.000	 +0.000		2000.0	 2	 34.961	5.676	246.70	 0.01	 19.800	19.800	  1.26	22.20																										
PIRATA Fr24	st028c01	B	2014-05-03T22:05:00z	 -10.000	 +0.000		2000.0	 1	 34.962	5.662	246.10	 0.00	 19.300	19.200	  1.25	22.20																										
PIRATA Fr24	st029c01	B	2014-05-07T19:30:00z	  +0.000	 +0.000		   0.0	11	 34.160	4.482	195.90	 0.01	  0.200	0.200	  0.06	 0.60	0.0139	0.0171	0.0119	0.0084	0.0179	0.0009		0.0015	0.0403	0.0138			0.2239		0.0153	0.0131	0.0284	0.0432			0.1776	0.1432	0.3208	0.0036		
PIRATA Fr24	st029c01	B	2014-05-07T19:30:00z	  +0.000	 +0.000		  10.0	10	 34.159	4.473	195.50	 0.01	  0.100	0.100	  0.02	 0.70																										
PIRATA Fr24	st029c01	B	2014-05-07T19:30:00z	  +0.000	 +0.000		  20.0	 9	 34.343	4.496	196.50	 0.00	  0.100	0.100	  0.00	 0.70	0.0119	0.0159	0.0108	0.0088	0.0143	0.0026		0.0021	0.0396	0.0110		0.0011	0.1586		0.0147	0.0227	0.0374	0.0369			0.1416	0.1395	0.2810	0.0031		
PIRATA Fr24	st029c01	B	2014-05-07T19:30:00z	  +0.000	 +0.000		  40.0	 8	 36.374	4.552	198.40	 0.00	  0.000	0.000	  0.15	 1.50	0.0542	0.0589	0.0212	0.0622	0.0188	0.0058		0.0046	0.1491	0.0148			0.1004		0.0394	0.0748	0.1142	0.0509			0.1989	0.3752	0.5741	0.0059		
PIRATA Fr24	st029c01	B	2014-05-07T19:30:00z	  +0.000	 +0.000		  60.0	 7	 36.397	4.232	184.30	 0.42	  1.900	1.500	  0.34	 2.20	0.0715	0.0490	0.0133	0.0758	0.0210	0.0141	0.0026	0.0040	0.1467	0.0101	0.0036		0.0490		0.0981	0.1196	0.2177	0.0420			0.1295	0.3345	0.4640	0.0065		
PIRATA Fr24	st029c01	B	2014-05-07T19:30:00z	  +0.000	 +0.000		  80.0	 6	 35.918	3.630	158.10	 0.15	  9.800	9.600	  0.75	 4.00	0.0419	0.0229	0.0038	0.0573	0.0125	0.0019	0.0020	0.0008	0.0663	0.0053	0.0017		0.0128		0.0798		0.0798	0.0179			0.0424	0.1603	0.2026	0.0031		
PIRATA Fr24	st029c01	B	2014-05-07T19:30:00z	  +0.000	 +0.000		 100.0	 5	 35.735	3.618	157.50	 0.06	 11.600	11.500	  0.86	 4.60	0.0257	0.0133	0.0023	0.0370	0.0070				0.0409	0.0031			0.0095		0.0884		0.0884	0.0174			0.0406	0.0970	0.1376	0.0027		
PIRATA Fr24	st029c01	B	2014-05-07T19:30:00z	  +0.000	 +0.000		 500.0	 4	 34.613	2.829	123.10	 0.04	 31.400	31.400	  2.13	19.60																										
PIRATA Fr24	st029c01	B	2014-05-07T19:30:00z	  +0.000	 +0.000		1000.0	 3	 34.735	3.724	162.10																															
PIRATA Fr24	st029c01	B	2014-05-07T19:30:00z	  +0.000	 +0.000		1000.0	 2	 34.658	3.636	158.10																															
PIRATA Fr24	st029c01	B	2014-05-07T19:30:00z	  +0.000	 +0.000		2000.0	 1	 34.953	5.582	242.70																															
PIRATA Fr24	st030c01	B	2014-05-10T22:30:00z	 +11.000	 -5.000		   0.0	 9	 34.868	4.615	201.60	 0.00	  0.000	0.000	  0.08	 4.10	0.0094	0.0111	0.0061	0.0089	0.0134				0.0304	0.0092			0.1042		0.0038	0.0113	0.0151		0.0216		0.0356	0.1365	0.1722	0.0026		
PIRATA Fr24	st030c01	B	2014-05-10T22:30:00z	 +11.000	 -5.000		  10.0	 8	 35.061	4.675	204.20	 0.00	  0.100	0.100	  0.09	 3.60																										
PIRATA Fr24	st030c01	B	2014-05-10T22:30:00z	 +11.000	 -5.000		  20.0	 7	 35.930	4.566	199.10	 0.00	  0.200	0.200	  0.17	 1.50	0.0140	0.0155	0.0103	0.0163	0.0088				0.0361	0.0077	0.0010		0.1137		0.0155	0.0369	0.0525	0.0310			0.0847	0.1554	0.2402	0.0037		
PIRATA Fr24	st030c01	B	2014-05-10T22:30:00z	 +11.000	 -5.000		  40.0	 6	 36.017	4.307	187.70	 0.11	  0.200	0.100	  0.27	 1.80	0.0530	0.0444	0.0167	0.0358	0.0348	0.0076	0.0100		0.1458	0.0121	0.0048		0.0608		0.0521	0.0679	0.1199	0.0464			0.1151	0.3723	0.4874	0.0063		
PIRATA Fr24	st030c01	B	2014-05-10T22:30:00z	 +11.000	 -5.000		  60.0	 5	 36.083	3.591	156.40	 0.15	  5.900	5.800	  0.55	 2.40	0.0403	0.0259	0.0071	0.0380	0.0354	0.0057	0.0065		0.0577	0.0056	0.0011		0.0237		0.1329		0.1329	0.0258			0.0661	0.1927	0.2588	0.0040		
PIRATA Fr24	st030c01	B	2014-05-10T22:30:00z	 +11.000	 -5.000		  80.0	 4	 36.029	3.242	141.20	 0.07	  9.700	9.700	  0.74	 3.30	0.0288	0.0156	0.0018	0.0276	0.0225	0.0021	0.0033		0.0415	0.0034			0.0123		0.1078		0.1078	0.0215			0.0454	0.1159	0.1613	0.0032		
PIRATA Fr24	st030c01	B	2014-05-10T22:30:00z	 +11.000	 -5.000		 100.0	 3	 35.976	3.120	135.90	 0.05	 11.300	11.300	  0.86	 3.80	0.0145	0.0077	0.0037	0.0175	0.0131	0.0008	0.0014		0.0197	0.0017			0.0046		0.0459		0.0459	0.0086			0.0159	0.0541	0.0699	0.0021		
PIRATA Fr24	st030c01	B	2014-05-10T22:30:00z	 +11.000	 -5.000		 500.0	 2	 34.653	1.828	 79.50	 0.03	 36.400	36.400	  2.36	20.80																										
PIRATA Fr24	st030c01	B	2014-05-10T22:30:00z	 +11.000	 -5.000		 500.0	 1	 34.655	1.823	 79.30	 0.03	 37.000	37.000	  2.41	20.80																										
PIRATA Fr24	st031c01	B	2014-05-10T23:55:00z	 +11.117	 -5.000		   0.0	 8	 34.721	4.618	201.80	 0.01	  0.100	0.100	  0.06	 4.60																										
PIRATA Fr24	st031c01	B	2014-05-10T23:55:00z	 +11.117	 -5.000		  10.0	 7	 35.823	4.934	215.20	 0.00	  0.000	0.000	  0.13	 1.20																										
PIRATA Fr24	st031c01	B	2014-05-10T23:55:00z	 +11.117	 -5.000		  20.0	 6	 35.920	4.702	205.00	 0.00	  0.000	0.000	  0.16	 1.30																										
PIRATA Fr24	st031c01	B	2014-05-10T23:55:00z	 +11.117	 -5.000		  40.0	 5	 36.009	4.336	189.00	 0.10	  0.100	0.000	  0.25	 1.60																										
PIRATA Fr24	st031c01	B	2014-05-10T23:55:00z	 +11.117	 -5.000		  60.0	 4	 36.112	3.734	162.70	 0.23	  4.100	3.900	  0.47	 2.10																										
PIRATA Fr24	st031c01	B	2014-05-10T23:55:00z	 +11.117	 -5.000		  80.0	 3	 36.069	3.356	146.20	 0.09	  8.100	8.000	  0.66	 2.70																										
PIRATA Fr24	st031c01	B	2014-05-10T23:55:00z	 +11.117	 -5.000		 100.0	 2	 35.988	3.129	136.20	 0.05	 11.100	11.000	  0.83	 3.70																										
PIRATA Fr24	st031c01	B	2014-05-10T23:55:00z	 +11.117	 -5.000		 200.0	 1	 35.560	1.259	 54.80																															
PIRATA Fr24	st032c01	B	2014-05-12T19:11:00z	  +8.000	 -6.000		   0.0	11	 34.260	4.511	197.20	 0.01	  0.100	0.100	  0.03	 2.20																										
PIRATA Fr24	st032c01	B	2014-05-12T19:11:00z	  +8.000	 -6.000		  10.0	10	 34.260	4.508	197.00	 0.02	  0.100	0.100	  0.02	 2.30																										
PIRATA Fr24	st032c01	B	2014-05-12T19:11:00z	  +8.000	 -6.000		  20.0	 9	 35.819	5.220	227.60	 0.01	  0.100	0.100	  0.22	 1.90	0.0228	0.0273	0.0104	0.0290	0.0154				0.0646	0.0148			0.1572		0.0158	0.0353	0.0511	0.0287			0.1053	0.1906	0.2959	0.0037		
PIRATA Fr24	st032c01	B	2014-05-12T19:11:00z	  +8.000	 -6.000		  40.0	 8	 35.877	3.077	134.00	 0.31	 11.000	10.700	  0.88	 4.30	0.0939	0.0676	0.0165	0.0724	0.0744	0.0138	0.0278		0.1568	0.0142	0.0079		0.0769		0.1413	0.1742	0.3155	0.0607			0.1302	0.5317	0.6619			
PIRATA Fr24	st032c01	B	2014-05-12T19:11:00z	  +8.000	 -6.000		  60.0	 7	 35.812	2.330	101.40	 0.06	 16.500	16.500	  1.14	 5.10	0.0429	0.0257	0.0030	0.0443	0.0457	0.0020	0.0048		0.0493	0.0053			0.0181		0.1116		0.1116	0.0225			0.0465	0.1666	0.2131			
PIRATA Fr24	st032c01	B	2014-05-12T19:11:00z	  +8.000	 -6.000		  80.0	 6	 35.761	2.144	 93.30	 0.04	 18.000	18.000	  1.24	 5.80	0.0147	0.0080		0.0156	0.0138		0.0014		0.0226	0.0018			0.0030		0.0322		0.0322	0.0079			0.0125	0.0543	0.0668			
PIRATA Fr24	st032c01	B	2014-05-12T19:11:00z	  +8.000	 -6.000		 100.0	 5	 35.711	2.131	 92.80	 0.03	 18.900	18.900	  1.29	 6.20	0.0122	0.0059		0.0101	0.0097				0.0241	0.0015			0.0014		0.0165		0.0165	0.0042			0.0057	0.0439	0.0496			
PIRATA Fr24	st032c01	B	2014-05-12T19:11:00z	  +8.000	 -6.000		 500.0	 4	 34.689	1.329	 57.80																															
PIRATA Fr24	st032c01	B	2014-05-12T19:11:00z	  +8.000	 -6.000		1000.0	 3		3.281	142.70																															
PIRATA Fr24	st032c01	B	2014-05-12T19:11:00z	  +8.000	 -6.000		1000.0	 2	 34.601	3.299	143.50																															
PIRATA Fr24	st032c01	B	2014-05-12T19:11:00z	  +8.000	 -6.000		2000.0	 1	 34.941	5.372	233.50																															
PIRATA Fr24	st033c01	B	2014-05-15T15:50:00z	  -4.000	 -6.000		   0.0	11	 35.749	4.632	202.20	 0.01	  0.100	0.100	  0.11	 0.80	0.0104	0.0148	0.0060	0.0165	0.0076	0.0010		0.0014	0.0385	0.0147			0.1350		0.0081	0.0112	0.0193	0.0192			0.0947	0.1131	0.2078	0.0021		
PIRATA Fr24	st033c01	B	2014-05-15T15:50:00z	  -4.000	 -6.000		  10.0	10	 35.746	4.630	202.10	 0.00	  0.000	0.000	  0.10	 0.70																										
PIRATA Fr24	st033c01	B	2014-05-15T15:50:00z	  -4.000	 -6.000		  20.0	 9	 35.738	4.647	202.80	 0.00	  0.000	0.000	  0.08	 0.60	0.0135	0.0205	0.0070	0.0210	0.0095	0.0013		0.0022	0.0497	0.0142		0.0026	0.1647		0.0110	0.0152	0.0262	0.0255			0.1192	0.1307	0.2499	0.0029		
PIRATA Fr24	st033c01	B	2014-05-15T15:50:00z	  -4.000	 -6.000		  40.0	 8	 35.865	5.064	220.70	 0.02	  0.200	0.200	  0.20	 1.60	0.0761	0.0865	0.0254	0.0881	0.0264	0.0088		0.0077	0.2128	0.0149		0.0021	0.1701		0.0236	0.1321	0.1557	0.0438			0.2036	0.4337	0.6373	0.0063		
PIRATA Fr24	st033c01	B	2014-05-15T15:50:00z	  -4.000	 -6.000		  60.0	 7	 35.865	3.334	145.20	 0.45	  9.900	9.400	  0.77	 3.40	0.0762	0.0708	0.0133	0.1009	0.0223	0.0135		0.0058	0.1572	0.0084		0.0011	0.1010		0.0760	0.1646	0.2405	0.0489			0.1642	0.3644	0.5286	0.0055		
PIRATA Fr24	st033c01	B	2014-05-15T15:50:00z	  -4.000	 -6.000		  80.0	 6	 35.690	2.466	107.40	 0.34	 17.500	17.100	  1.17	 5.10	0.0641	0.0432	0.0055	0.0889	0.0238	0.0045	0.0039	0.0009	0.0841	0.0062			0.0403		0.1945		0.1945	0.0391			0.1019	0.2445	0.3463	0.0036		
PIRATA Fr24	st033c01	B	2014-05-15T15:50:00z	  -4.000	 -6.000		 100.0	 5	 35.565	2.639	114.90	 0.07	 18.000	18.000	  1.22	 5.90	0.0394	0.0229		0.0522	0.0139	0.0016	0.0019	0.0007	0.0548	0.0037			0.0131		0.1182		0.1182	0.0226			0.0496	0.1403	0.1899	0.0029		
PIRATA Fr24	st033c01	B	2014-05-15T15:50:00z	  -4.000	 -6.000		 500.0	 4	 34.690	1.641	 71.40																															
PIRATA Fr24	st033c01	B	2014-05-15T15:50:00z	  -4.000	 -6.000		 500.0	 3	 34.712	1.700	 73.90																															
PIRATA Fr24	st033c01	B	2014-05-15T15:50:00z	  -4.000	 -6.000		1000.0	 2	 34.592	3.506	152.40																															
PIRATA Fr24	st033c01	B	2014-05-15T15:50:00z	  -4.000	 -6.000		2000.0	 1	 34.944	5.465	237.60																															
PIRATA Fr24	st034c01	B	2014-05-15T21:35:00z	  -4.000	 -5.500		   0.0	11	 35.836	4.517	197.20	 0.01	  0.100	0.100	  0.06	 0.80																										
PIRATA Fr24	st034c01	B	2014-05-15T21:35:00z	  -4.000	 -5.500		  10.0	10	 35.836	4.605	201.00	 0.01	  0.100	0.100	  0.07	 0.80																										
PIRATA Fr24	st034c01	B	2014-05-15T21:35:00z	  -4.000	 -5.500		  20.0	 9	 35.839	4.523	197.40	 0.01	  0.000	0.000	  0.07	 0.90																										
PIRATA Fr24	st034c01	B	2014-05-15T21:35:00z	  -4.000	 -5.500		  40.0	 8	 36.104	5.088	221.80	 0.01	  0.200	0.200	  0.16	 1.50																										
PIRATA Fr24	st034c01	B	2014-05-15T21:35:00z	  -4.000	 -5.500		  60.0	 7	 35.876	3.026	131.70	 0.64	 12.600	11.900	  0.92	 3.80																										
PIRATA Fr24	st034c01	B	2014-05-15T21:35:00z	  -4.000	 -5.500		  80.0	 6	 35.720	2.676	116.50	 0.13	 16.800	16.700	  1.16	 5.00																										
PIRATA Fr24	st034c01	B	2014-05-15T21:35:00z	  -4.000	 -5.500		 100.0	 5	 35.495	2.550	111.00	 0.04	 19.700	19.700	  1.34	 6.20																										
PIRATA Fr24	st034c01	B	2014-05-15T21:35:00z	  -4.000	 -5.500		 100.0	 4	 35.488	2.536	110.40	 0.04	 20.400	20.400	  1.36	 6.30																										
PIRATA Fr24	st034c01	B	2014-05-15T21:35:00z	  -4.000	 -5.500		 500.0	 3	 34.670	1.929	 83.90																															
PIRATA Fr24	st034c01	B	2014-05-15T21:35:00z	  -4.000	 -5.500		1000.0	 2	 34.621	3.533	153.60																															
PIRATA Fr24	st034c01	B	2014-05-15T21:35:00z	  -4.000	 -5.500		2000.0	 1	 34.947	5.476	238.00																															
PIRATA Fr24	st035c01	B	2014-05-16T03:23:00z	  -4.000	 -5.000		   0.0	11	 35.377			 0.01	  0.100	0.100	  0.04	 0.90	0.0064	0.0084	0.0046	0.0055	0.0053			0.0010	0.0222	0.0060			0.1034		0.0058	0.0052	0.0110	0.0181			0.0727	0.0640	0.1367	0.0012		
PIRATA Fr24	st035c01	B	2014-05-16T03:23:00z	  -4.000	 -5.000		  10.0	10	 35.376			 0.01	  0.100	0.100	  0.05	 0.90																										
PIRATA Fr24	st035c01	B	2014-05-16T03:23:00z	  -4.000	 -5.000		  20.0	 9	 35.376	4.553	198.80	 0.00	  0.100	0.100	  0.04	 1.00																										
PIRATA Fr24	st035c01	B	2014-05-16T03:23:00z	  -4.000	 -5.000		  40.0	 8	 35.931	5.139	224.00	 0.00	  0.100	0.100	  0.19	 1.80																										
PIRATA Fr24	st035c01	B	2014-05-16T03:23:00z	  -4.000	 -5.000		  60.0	 7	 35.709	2.639	114.90	 0.64	 16.900	16.300	  1.12	 4.90																										
PIRATA Fr24	st035c01	B	2014-05-16T03:23:00z	  -4.000	 -5.000		  80.0	 6	 35.549	2.356	102.50	 0.05	 20.500	20.400	  1.34	 6.20																										
PIRATA Fr24	st035c01	B	2014-05-16T03:23:00z	  -4.000	 -5.000		  80.0	 5	 35.548	2.362	102.80	 0.05	 20.400	20.400	  1.35	 6.20																										
PIRATA Fr24	st035c01	B	2014-05-16T03:23:00z	  -4.000	 -5.000		 100.0	 4	 35.534	2.641	114.90	 0.02	 19.000	18.900	  1.29	 6.40																										
PIRATA Fr24	st035c01	B	2014-05-16T03:23:00z	  -4.000	 -5.000		 500.0	 3	 34.712	1.320	 57.40																															
PIRATA Fr24	st035c01	B	2014-05-16T03:23:00z	  -4.000	 -5.000		1000.0	 2	 34.620	3.526	153.30																															
PIRATA Fr24	st035c01	B	2014-05-16T03:23:00z	  -4.000	 -5.000		2000.0	 1	 34.949	5.493	238.70																															
PIRATA Fr24	st036c01	B	2014-05-16T09:05:00z	  -4.000	 -4.500		   0.0	11	 35.036	4.553	198.90	 0.01	  0.100	0.100	  0.04	 0.80																										
PIRATA Fr24	st036c01	B	2014-05-16T09:05:00z	  -4.000	 -4.500		  10.0	10	 35.037	4.544	198.50	 0.01	  0.100	0.100	  0.04	 0.70																										
PIRATA Fr24	st036c01	B	2014-05-16T09:05:00z	  -4.000	 -4.500		  20.0	 9	 35.038	4.543	198.40	 0.00	  0.100	0.100	  0.03	 0.80																										
PIRATA Fr24	st036c01	B	2014-05-16T09:05:00z	  -4.000	 -4.500		  40.0	 8	 35.758	4.522	197.00	 0.09	  3.200	3.100	  0.46	 2.70																										
PIRATA Fr24	st036c01	B	2014-05-16T09:05:00z	  -4.000	 -4.500		  60.0	 7	 35.681	2.679	116.60	 1.15	 16.800	15.600	  1.17	 4.80																										
PIRATA Fr24	st036c01	B	2014-05-16T09:05:00z	  -4.000	 -4.500		  60.0	 6	 35.679	2.651	115.40	 1.14	 17.000	15.900	  1.20	 4.80																										
PIRATA Fr24	st036c01	B	2014-05-16T09:05:00z	  -4.000	 -4.500		  80.0	 5	 35.617	2.588	112.60	 0.09	 18.300	18.200	  1.29	 5.50																										
PIRATA Fr24	st036c01	B	2014-05-16T09:05:00z	  -4.000	 -4.500		 100.0	 4	 35.550	2.539	110.50	 0.04	 19.200	19.100	  1.32	 6.00																										
PIRATA Fr24	st036c01	B	2014-05-16T09:05:00z	  -4.000	 -4.500		 500.0	 3	 34.895	2.280	 99.20																															
PIRATA Fr24	st036c01	B	2014-05-16T09:05:00z	  -4.000	 -4.500		1000.0	 2	 34.628	3.582	155.70																															
PIRATA Fr24	st036c01	B	2014-05-16T09:05:00z	  -4.000	 -4.500		2000.0	 1	 34.949	5.521	239.90																															
PIRATA Fr24	st037c01	B	2014-05-16T14:47:00z	  -4.000	 -4.000		   0.0	11	 34.837	4.540	198.30	 0.01	  0.100	0.100	  0.04	 0.70	0.0071	0.0106	0.0062	0.0055	0.0099	0.0006		0.0016	0.0215	0.0158		0.0047	0.1242		0.0000	0.0104	0.0104	0.0201			0.0810	0.1015	0.1825	0.0013		
PIRATA Fr24	st037c01	B	2014-05-16T14:47:00z	  -4.000	 -4.000		  10.0	10	 34.832	4.539	198.30	 0.00	  0.100	0.100	  0.01	 0.60																										
PIRATA Fr24	st037c01	B	2014-05-16T14:47:00z	  -4.000	 -4.000		  20.0	 9	 34.826	4.548	198.70	 0.00	  0.100	0.100	  0.02	 0.70	0.0088	0.0146	0.0079	0.0075	0.0130	0.0009		0.0022	0.0284	0.0122		0.0017	0.1273		0.0060	0.0084	0.0144	0.0246			0.0869	0.1220	0.2089	0.0018		
PIRATA Fr24	st037c01	B	2014-05-16T14:47:00z	  -4.000	 -4.000		  40.0	 8	 35.767	5.052	220.30	 0.00	  0.100	0.100	  0.15	 1.50																										
PIRATA Fr24	st037c01	B	2014-05-16T14:47:00z	  -4.000	 -4.000		  40.0	 7	 35.776	5.040	219.80	 0.00	  0.100	0.100	  0.18	 1.60	0.0463	0.0606	0.0242	0.0425	0.0235	0.0034		0.0050	0.1424	0.0191	0.0028	0.0018	0.2259		0.0268	0.0567	0.0835	0.0522			0.2182	0.3789	0.5971	0.0049		
PIRATA Fr24	st037c01	B	2014-05-16T14:47:00z	  -4.000	 -4.000		  60.0	 6	 35.663	2.721	118.50	 0.57	 16.300	15.800	  1.09	 4.70	0.0806	0.0771	0.0286	0.1075	0.0307	0.0246	0.0071	0.0096	0.1567	0.0106	0.0018	0.0006	0.1045		0.1256	0.2108	0.3364	0.0556			0.1798	0.4420	0.6218	0.0063		
PIRATA Fr24	st037c01	B	2014-05-16T14:47:00z	  -4.000	 -4.000		  80.0	 5	 35.604	2.177	 94.80	 0.76	 20.700	19.900	  1.33	 5.60	0.0612	0.0459	0.0092	0.0849	0.0286	0.0112	0.0093	0.0034	0.0835	0.0071	0.0011		0.0437		0.0938	0.1146	0.2084	0.0357			0.0976	0.2822	0.3798	0.0041		
PIRATA Fr24	st037c01	B	2014-05-16T14:47:00z	  -4.000	 -4.000		 100.0	 4	 35.578	2.222	 96.70	 0.06	 20.900	20.800	  1.35	 6.00	0.0394	0.0240	0.0047	0.0483	0.0185	0.0026	0.0033	0.0010	0.0510	0.0045	0.0013		0.0161		0.1456		0.1456	0.0266			0.0592	0.1484	0.2075	0.0024		
PIRATA Fr24	st037c01	B	2014-05-16T14:47:00z	  -4.000	 -4.000		 500.0	 3	 34.696	1.572	 68.40																															
PIRATA Fr24	st037c01	B	2014-05-16T14:47:00z	  -4.000	 -4.000		1000.0	 2	 34.606	3.472	151.00																															
PIRATA Fr24	st037c01	B	2014-05-16T14:47:00z	  -4.000	 -4.000		2000.0	 1	 34.958	5.571	242.10																															
PIRATA Fr24	st038c01	B	2014-05-16T20:54:00z	  -4.000	 -3.500		   0.0	11	 34.726	4.513	197.20	 0.00	  0.100	0.100	  0.02	 0.80																										
PIRATA Fr24	st038c01	B	2014-05-16T20:54:00z	  -4.000	 -3.500		  10.0	10	 34.721	4.516	197.30	 0.00	  0.100	0.100	  0.02	 0.80																										
PIRATA Fr24	st038c01	B	2014-05-16T20:54:00z	  -4.000	 -3.500		  20.0	 9	 34.725	4.513	197.20	 0.00	  0.100	0.100	  0.02	 0.80																										
PIRATA Fr24	st038c01	B	2014-05-16T20:54:00z	  -4.000	 -3.500		  20.0	 8	 34.726	4.523	197.60	 0.00	  0.100	0.100	  0.01	 0.80																										
PIRATA Fr24	st038c01	B	2014-05-16T20:54:00z	  -4.000	 -3.500		  40.0	 7	 35.720	4.992	217.50	 0.01	  0.300	0.200	  0.24	 2.30																										
PIRATA Fr24	st038c01	B	2014-05-16T20:54:00z	  -4.000	 -3.500		  60.0	 6	 35.744	2.873	125.10	 0.08	 15.900	15.800	  1.07	 5.00																										
PIRATA Fr24	st038c01	B	2014-05-16T20:54:00z	  -4.000	 -3.500		  80.0	 5	 35.676	2.788	121.30	 0.03	 16.800	16.800	  1.15	 5.60																										
PIRATA Fr24	st038c01	B	2014-05-16T20:54:00z	  -4.000	 -3.500		 100.0	 4	 35.642	2.673	116.30	 0.02	 15.900	15.900	  1.12	 5.60																										
PIRATA Fr24	st038c01	B	2014-05-16T20:54:00z	  -4.000	 -3.500		 500.0	 3	 34.623	2.030	 88.30																															
PIRATA Fr24	st038c01	B	2014-05-16T20:54:00z	  -4.000	 -3.500		1000.0	 2	 34.648	3.682	160.10																															
PIRATA Fr24	st038c01	B	2014-05-16T20:54:00z	  -4.000	 -3.500		2000.0	 1	 34.960	5.618	244.20																															
PIRATA Fr24	st039c01	B	2014-05-17T02:50:00z	  -4.000	 -3.000		   0.0	11	 34.579	4.524	197.70	 0.00	  0.100	0.100	  0.01	 0.90																										
PIRATA Fr24	st039c01	B	2014-05-17T02:50:00z	  -4.000	 -3.000		  10.0	10	 34.579	4.522	197.60	 0.00	  0.100	0.100	  0.01	 0.90																										
PIRATA Fr24	st039c01	B	2014-05-17T02:50:00z	  -4.000	 -3.000		  10.0	 9	 34.578	4.519	197.50	 0.00	  0.100	0.100	  0.00	 0.90																										
PIRATA Fr24	st039c01	B	2014-05-17T02:50:00z	  -4.000	 -3.000		  20.0	 8	 34.582	4.522	197.60	 0.00	  0.300	0.300	  0.01	 0.90																										
PIRATA Fr24	st039c01	B	2014-05-17T02:50:00z	  -4.000	 -3.000		  40.0	 7	 35.845	3.684	160.50	 0.30	  7.000	6.700	  0.60	 2.40																										
PIRATA Fr24	st039c01	B	2014-05-17T02:50:00z	  -4.000	 -3.000		  60.0	 6	 35.776	2.921	127.20	 0.04	 15.200	15.100	  1.01	 4.90																										
PIRATA Fr24	st039c01	B	2014-05-17T02:50:00z	  -4.000	 -3.000		  80.0	 5	 35.695	2.781	121.00	 0.01	 16.600	16.600	  1.12	 5.30																										
PIRATA Fr24	st039c01	B	2014-05-17T02:50:00z	  -4.000	 -3.000		 100.0	 4	 35.620	2.475	107.70	 0.01	 19.200	19.200	  1.27	 6.00																										
PIRATA Fr24	st039c01	B	2014-05-17T02:50:00z	  -4.000	 -3.000		 500.0	 3	 34.629	2.251	 97.90																															
PIRATA Fr24	st039c01	B	2014-05-17T02:50:00z	  -4.000	 -3.000		1000.0	 2	 34.644	3.643	158.40																															
PIRATA Fr24	st039c01	B	2014-05-17T02:50:00z	  -4.000	 -3.000		2000.0	 1	 34.958	5.596	243.30																															
PIRATA Fr24	st040c01	B	2014-05-17T08:31:00z	  -4.000	 -2.500		   0.0	11	 34.472	4.494	196.40	 0.00	  0.100	0.100	  0.02	 0.90																										
PIRATA Fr24	st040c01	B	2014-05-17T08:31:00z	  -4.000	 -2.500		   0.0	10	 34.473	4.503	196.80	 0.00	  0.100	0.100	  0.02	 0.90																										
PIRATA Fr24	st040c01	B	2014-05-17T08:31:00z	  -4.000	 -2.500		  10.0	 9	 34.472	4.500	196.70	 0.00	  0.100	0.100	  0.01	 0.90																										
PIRATA Fr24	st040c01	B	2014-05-17T08:31:00z	  -4.000	 -2.500		  20.0	 8	 34.495	4.501	196.70	 0.00	  0.100	0.100	  0.00	 0.90																										
PIRATA Fr24	st040c01	B	2014-05-17T08:31:00z	  -4.000	 -2.500		  40.0	 7	 35.850	3.992	173.90	 0.06	  1.800	1.700	  0.40	 1.50																										
PIRATA Fr24	st040c01	B	2014-05-17T08:31:00z	  -4.000	 -2.500		  60.0	 6	 35.776	2.911	126.70	 0.04	 15.600	15.500	  0.99	 4.70																										
PIRATA Fr24	st040c01	B	2014-05-17T08:31:00z	  -4.000	 -2.500		  80.0	 5	 35.680	2.782	121.10	 0.02	 17.100	17.100	  1.12	 5.30																										
PIRATA Fr24	st040c01	B	2014-05-17T08:31:00z	  -4.000	 -2.500		 100.0	 4	 35.623	2.858	124.40	 0.01	 17.300	17.300	  1.15	 5.50																										
PIRATA Fr24	st040c01	B	2014-05-17T08:31:00z	  -4.000	 -2.500		 500.0	 3	 34.618	3.048	132.60																															
PIRATA Fr24	st040c01	B	2014-05-17T08:31:00z	  -4.000	 -2.500		1000.0	 2	 34.632	3.657	159.00																															
PIRATA Fr24	st040c01	B	2014-05-17T08:31:00z	  -4.000	 -2.500		2000.0	 1	 34.962	5.719	248.50																															
PIRATA Fr24	st041c01	B	2014-05-17T14:25:00z	  -4.000	 -2.000		   0.0	11	 34.482	4.480	195.80	 0.01	  0.100	0.100	  0.03	 0.90	0.0191	0.0112	0.0014	0.0249	0.0084	0.0008	0.0004	0.0003	0.0271	0.0024	0.0003		0.0052		0.0675		0.0675	0.0131			0.0255	0.0662	0.0916	0.0013		
PIRATA Fr24	st041c01	B	2014-05-17T14:25:00z	  -4.000	 -2.000		  10.0	10	 34.484	4.488	196.10	 0.00	  0.000	0.000	  0.01	 0.80																										
PIRATA Fr24	st041c01	B	2014-05-17T14:25:00z	  -4.000	 -2.000		  20.0	 9	 34.520	4.496	196.50	 0.00	  0.000	0.000	  0.00	 0.90	0.0044	0.0076	0.0039	0.0046	0.0054	0.0005		0.0018	0.0147	0.0110			0.1082		0.0033	0.0055	0.0089	0.0159			0.0661	0.0697	0.1358	0.0009		
PIRATA Fr24	st041c01	B	2014-05-17T14:25:00z	  -4.000	 -2.000		  40.0	 8	 35.861	4.559	198.70	 0.00	  0.100	0.100	  0.22	 1.80	0.0451	0.0623	0.0377	0.0527	0.0299	0.0049		0.0062	0.1345	0.0212			0.1682		0.0222	0.0868	0.1090	0.0492			0.1670	0.4171	0.5841	0.0050		
PIRATA Fr24	st041c01	B	2014-05-17T14:25:00z	  -4.000	 -2.000		  60.0	 7	 35.783	2.875	125.20	 0.09	 14.700	14.600	  1.01	 4.50	0.0755	0.0560	0.0086	0.1022	0.0465	0.0064		0.0029	0.1013	0.0097	0.0026		0.0411		0.2225		0.2225	0.0398			0.1002	0.3280	0.4282	0.0041		
PIRATA Fr24	st041c01	B	2014-05-17T14:25:00z	  -4.000	 -2.000		  80.0	 6	 35.678	2.961	128.90	 0.03	 15.900	15.900	  1.08	 5.20	0.0283	0.0187	0.0037	0.0410	0.0143	0.0013	0.0012	0.0006	0.0399	0.0037	0.0013		0.0118		0.1065		0.1065	0.0229			0.0470	0.1131	0.1601	0.0021		
PIRATA Fr24	st041c01	B	2014-05-17T14:25:00z	  -4.000	 -2.000		 100.0	 5	 35.627	3.031	131.80	 0.01	 16.000	16.000	  1.10	 5.40	0.0155	0.0095	0.0009	0.0238	0.0077	0.0006	0.0003		0.0254	0.0022			0.0050		0.0530		0.0530	0.0124			0.0237	0.0610	0.0847	0.0010		
PIRATA Fr24	st041c01	B	2014-05-17T14:25:00z	  -4.000	 -2.000		 500.0	 4	 34.571	3.199	139.10																															
PIRATA Fr24	st041c01	B	2014-05-17T14:25:00z	  -4.000	 -2.000		1000.0	 3	 34.621	3.615	157.20																															
PIRATA Fr24	st041c01	B	2014-05-17T14:25:00z	  -4.000	 -2.000		2000.0	 2	 34.961	5.855	254.40																															
PIRATA Fr24	st041c01	B	2014-05-17T14:25:00z	  -4.000	 -2.000		2000.0	 1	 34.959	5.661	246.00																															
PIRATA Fr24	st042c01	B	2014-05-17T20:00:00z	  -4.000	 -1.500		   0.0	11	 34.562	4.491	196.20	 0.00	  0.000	0.000	  0.02	 0.80																										
PIRATA Fr24	st042c01	B	2014-05-17T20:00:00z	  -4.000	 -1.500		  10.0	10	 34.574	4.477	195.70	 0.00	  0.000	0.000	  0.01	 0.80																										
PIRATA Fr24	st042c01	B	2014-05-17T20:00:00z	  -4.000	 -1.500		  20.0	 9	 34.658	4.517	197.40	 0.00	  0.000	0.000	  0.01	 0.80																										
PIRATA Fr24	st042c01	B	2014-05-17T20:00:00z	  -4.000	 -1.500		  40.0	 8	 35.886	4.520	197.00	 0.00	  0.100	0.100	  0.24	 2.10																										
PIRATA Fr24	st042c01	B	2014-05-17T20:00:00z	  -4.000	 -1.500		  60.0	 7	 35.742	2.879	125.30	 0.00	 15.000	15.000	  1.03	 4.70																										
PIRATA Fr24	st042c01	B	2014-05-17T20:00:00z	  -4.000	 -1.500		  80.0	 6	 35.648	2.656	115.60	 0.00	 17.300	17.300	  1.17	 5.50																										
PIRATA Fr24	st042c01	B	2014-05-17T20:00:00z	  -4.000	 -1.500		 100.0	 5	 35.603	2.972	129.30	 0.00	 16.100	16.100	  1.13	 5.50																										
PIRATA Fr24	st042c01	B	2014-05-17T20:00:00z	  -4.000	 -1.500		 500.0	 4	 34.605	2.919	127.00																															
PIRATA Fr24	st042c01	B	2014-05-17T20:00:00z	  -4.000	 -1.500		1000.0	 3	 34.623	3.615	157.20																															
PIRATA Fr24	st042c01	B	2014-05-17T20:00:00z	  -4.000	 -1.500		1000.0	 2	 34.620	3.605	156.70																															
PIRATA Fr24	st042c01	B	2014-05-17T20:00:00z	  -4.000	 -1.500		2000.0	 1	 34.953	5.547	241.10																															
PIRATA Fr24	st043c01	B	2014-05-18T01:50:00z	  -4.000	 -1.000		   0.0	11	 34.627	4.478	195.70	 0.00	  0.100	0.100	  0.02	 0.90	0.0035	0.0068	0.0063	0.0048	0.0053	0.0007		0.0013	0.0140	0.0057			0.0988		0.0039	0.0070	0.0109	0.0168			0.0583	0.0650	0.1233	0.0010		
PIRATA Fr24	st043c01	B	2014-05-18T01:50:00z	  -4.000	 -1.000		  10.0	10	 34.631	4.495	196.40	 0.00	  0.000	0.000	  0.01	 0.90																										
PIRATA Fr24	st043c01	B	2014-05-18T01:50:00z	  -4.000	 -1.000		  20.0	 9	 35.085	4.519	197.30	 0.00	  0.000	0.000	  0.03	 1.00																										
PIRATA Fr24	st043c01	B	2014-05-18T01:50:00z	  -4.000	 -1.000		  40.0	 8	 35.931	3.887	169.30	 0.13	  3.500	3.400	  0.45	 2.90																										
PIRATA Fr24	st043c01	B	2014-05-18T01:50:00z	  -4.000	 -1.000		  60.0	 7	 35.870	3.171	138.10	 0.25	 12.600	12.300	  0.89	 4.30																										
PIRATA Fr24	st043c01	B	2014-05-18T01:50:00z	  -4.000	 -1.000		  80.0	 6	 35.643	3.817	166.10	 0.02	 14.100	14.100	  0.96	 5.10																										
PIRATA Fr24	st043c01	B	2014-05-18T01:50:00z	  -4.000	 -1.000		 100.0	 5	 35.588	3.478	151.40	 0.01	 14.800	14.800	  1.02	 5.40																										
PIRATA Fr24	st043c01	B	2014-05-18T01:50:00z	  -4.000	 -1.000		 500.0	 4	 34.622	2.846	123.80																															
PIRATA Fr24	st043c01	B	2014-05-18T01:50:00z	  -4.000	 -1.000		 500.0	 3	 34.633	2.862	124.50																															
PIRATA Fr24	st043c01	B	2014-05-18T01:50:00z	  -4.000	 -1.000		1000.0	 2	 34.639	3.632	157.90																															
PIRATA Fr24	st043c01	B	2014-05-18T01:50:00z	  -4.000	 -1.000		2000.0	 1	 34.963	5.686	247.10																															
PIRATA Fr24	st044c01	B	2014-05-18T08:05:00z	  -4.000	 -0.500		   0.0	11	 34.745	4.462	195.00	 0.01	  0.000	0.000	  0.03	 0.90																										
PIRATA Fr24	st044c01	B	2014-05-18T08:05:00z	  -4.000	 -0.500		  10.0	10	 34.771	4.461	194.90	 0.00	  0.000	0.000	  0.02	 0.80																										
PIRATA Fr24	st044c01	B	2014-05-18T08:05:00z	  -4.000	 -0.500		  20.0	 9	 34.896	4.555	199.00	 0.00	  0.100	0.100	  0.01	 1.00																										
PIRATA Fr24	st044c01	B	2014-05-18T08:05:00z	  -4.000	 -0.500		  40.0	 8	 36.082	4.505	196.30	 0.01	  0.200	0.200	  0.25	 2.00																										
PIRATA Fr24	st044c01	B	2014-05-18T08:05:00z	  -4.000	 -0.500		  60.0	 7	 36.173	3.987	173.60	 0.41	  5.900	5.500	  0.54	 2.70																										
PIRATA Fr24	st044c01	B	2014-05-18T08:05:00z	  -4.000	 -0.500		  80.0	 6	 35.803	3.378	147.10	 0.12	 12.600	12.500	  0.93	 4.40																										
PIRATA Fr24	st044c01	B	2014-05-18T08:05:00z	  -4.000	 -0.500		 100.0	 5	 35.654	3.583	155.90	 0.06	 13.000	13.000	  0.95	 4.90																										
PIRATA Fr24	st044c01	B	2014-05-18T08:05:00z	  -4.000	 -0.500		 100.0	 4	 35.655	3.592	156.30	 0.06	 13.200	13.200	  0.97	 4.90																										
PIRATA Fr24	st044c01	B	2014-05-18T08:05:00z	  -4.000	 -0.500		 500.0	 3	 34.613	3.131	136.20																															
PIRATA Fr24	st044c01	B	2014-05-18T08:05:00z	  -4.000	 -0.500		1000.0	 2	 34.660	3.675	159.80																															
PIRATA Fr24	st044c01	B	2014-05-18T08:05:00z	  -4.000	 -0.500		2000.0	 1	 34.964	5.658	245.90																															
PIRATA Fr24	st045c01	B	2014-05-18T14:00:00z	  -4.000	 +0.000		   0.0	11	 34.764	4.472	195.40	 0.00	  0.100	0.100	  0.04	 0.90	0.0036	0.0062	0.0033	0.0045	0.0050	0.0003		0.0012	0.0149	0.0082		0.0028	0.0930		0.0013	0.0023	0.0036	0.0136			0.0467	0.0585	0.1052	0.0007		
PIRATA Fr24	st045c01	B	2014-05-18T14:00:00z	  -4.000	 +0.000		  10.0	10	 34.764	4.470	195.30	 0.00	  0.200	0.200	  0.01	 0.90																										
PIRATA Fr24	st045c01	B	2014-05-18T14:00:00z	  -4.000	 +0.000		  20.0	 9	 35.041	4.496	196.40	 0.00	  0.100	0.100	  0.03	 1.00	0.0062	0.0113	0.0052	0.0076	0.0073	0.0006		0.0025	0.0238	0.0108	0.0005	0.0014	0.1240		0.0056	0.0102	0.0158	0.0211			0.0781	0.0983	0.1764	0.0011		
PIRATA Fr24	st045c01	B	2014-05-18T14:00:00z	  -4.000	 +0.000		  40.0	 8	 36.286	4.379	190.80	 0.00	  0.100	0.100	  0.22	 1.80	0.0353	0.0488	0.0248	0.0396	0.0185	0.0028		0.0041	0.1119	0.0166	0.0023	0.0015	0.2002		0.0203	0.0855	0.1058	0.0504			0.1964	0.3125	0.5089	0.0040		
PIRATA Fr24	st045c01	B	2014-05-18T14:00:00z	  -4.000	 +0.000		  60.0	 7	 36.200	4.005	174.40	 0.46	  5.900	5.400	  0.51	 2.70	0.0572	0.0583	0.0109	0.0914	0.0298	0.0066		0.0047	0.1369	0.0099	0.0070	0.0000	0.0841		0.1077	0.0927	0.2005	0.0613			0.1705	0.3432	0.5137	0.0092		
PIRATA Fr24	st045c01	B	2014-05-18T14:00:00z	  -4.000	 +0.000		  80.0	 6	 36.062	3.903	169.90	 0.26	  7.900	7.600	  0.63	 3.20	0.0467	0.0333	0.0054	0.0654	0.0172	0.0039		0.0016	0.0744	0.0061	0.0033	0.0000	0.0289		0.1691		0.1691	0.0357			0.0875	0.2091	0.2967	0.0039		
PIRATA Fr24	st045c01	B	2014-05-18T14:00:00z	  -4.000	 +0.000		  80.0	 5	 36.062	3.885	169.10	 0.25	  7.900	7.600	  0.66	 3.30																										
PIRATA Fr24	st045c01	B	2014-05-18T14:00:00z	  -4.000	 +0.000		 100.0	 4	 35.831	3.787	164.80	 0.08	 10.300	10.200	  0.81	 4.00	0.0382	0.0224	0.0027	0.0525	0.0102	0.0014			0.0633	0.0047	0.0006		0.0158		0.1120		0.1120	0.0237			0.0597	0.1400	0.1996	0.0019		
PIRATA Fr24	st045c01	B	2014-05-18T14:00:00z	  -4.000	 +0.000		 500.0	 3	 34.626	3.140	136.60																															
PIRATA Fr24	st045c01	B	2014-05-18T14:00:00z	  -4.000	 +0.000		1000.0	 2	 34.665	3.693	160.50																															
PIRATA Fr24	st045c01	B	2014-05-18T14:00:00z	  -4.000	 +0.000		2000.0	 1	 34.962	5.629	244.60																															
PIRATA Fr24	st046c01	B	2014-05-18T19:50:00z	  -4.000	 +0.500		   0.0	11	 34.659	4.446	194.30	 0.01	  0.100	0.100	  0.02	 0.60																										
PIRATA Fr24	st046c01	B	2014-05-18T19:50:00z	  -4.000	 +0.500		  10.0	10	 34.664	4.451	194.50	 0.01	  0.100	0.100	  0.02	 0.70																										
PIRATA Fr24	st046c01	B	2014-05-18T19:50:00z	  -4.000	 +0.500		  20.0	 9	 34.715	4.458	194.80	 0.01	  0.100	0.100	  0.00	 0.80																										
PIRATA Fr24	st046c01	B	2014-05-18T19:50:00z	  -4.000	 +0.500		  40.0	 8	 36.392	4.588	199.90	 0.00	  0.100	0.100	  0.13	 1.50																										
PIRATA Fr24	st046c01	B	2014-05-18T19:50:00z	  -4.000	 +0.500		  60.0	 7	 36.342	4.200	182.90	 0.44	  3.700	3.300	  0.39	 2.20																										
PIRATA Fr24	st046c01	B	2014-05-18T19:50:00z	  -4.000	 +0.500		  60.0	 6	 36.337	4.191	182.50	 0.44	  3.900	3.400	  0.41	 2.30																										
PIRATA Fr24	st046c01	B	2014-05-18T19:50:00z	  -4.000	 +0.500		  80.0	 5	 35.908	3.117	135.70	 0.26	 12.300	12.100	  0.87	 4.00																										
PIRATA Fr24	st046c01	B	2014-05-18T19:50:00z	  -4.000	 +0.500		 100.0	 4	 35.717	2.943	128.10	 0.08	 15.600	15.600	  1.09	 5.10																										
PIRATA Fr24	st046c01	B	2014-05-18T19:50:00z	  -4.000	 +0.500		 500.0	 3	 34.625	2.900	126.10																															
PIRATA Fr24	st046c01	B	2014-05-18T19:50:00z	  -4.000	 +0.500		1000.0	 2		3.655	158.90																															
PIRATA Fr24	st046c01	B	2014-05-18T19:50:00z	  -4.000	 +0.500		2000.0	 1		5.642	245.20																															
PIRATA Fr24	st047c01	B	2014-05-19T01:30:00z	  -4.000	 +1.000		   0.0	11	 34.665	4.449	194.40	 0.00	  0.100	0.100	  0.03	 0.70	0.0037	0.0060	0.0057	0.0040	0.0046	0.0006		0.0009	0.0150	0.0057			0.0767		0.0034	0.0058	0.0092	0.0145			0.0477	0.0611	0.1088	0.0011		
PIRATA Fr24	st047c01	B	2014-05-19T01:30:00z	  -4.000	 +1.000		  10.0	10	 34.665	4.458	194.80	 0.00	  0.100	0.100	  0.01	 0.70																										
PIRATA Fr24	st047c01	B	2014-05-19T01:30:00z	  -4.000	 +1.000		  20.0	 9	 34.669	4.451	194.50	 0.00	  0.100	0.100	  0.01	 0.70																										
PIRATA Fr24	st047c01	B	2014-05-19T01:30:00z	  -4.000	 +1.000		  40.0	 8	 35.800	4.283	186.80	 0.00	  0.000	0.000	  0.08	 1.30																										
PIRATA Fr24	st047c01	B	2014-05-19T01:30:00z	  -4.000	 +1.000		  40.0	 7	 35.820	4.279	186.60	 0.00	  0.000	0.000	  0.11	 1.40																										
PIRATA Fr24	st047c01	B	2014-05-19T01:30:00z	  -4.000	 +1.000		  60.0	 6	 35.791	3.045	132.60	 0.67	  8.700	8.000	  0.65	 2.90																										
PIRATA Fr24	st047c01	B	2014-05-19T01:30:00z	  -4.000	 +1.000		  80.0	 5	 35.871	3.056	133.00	 0.14	 13.500	13.400	  0.94	 3.90																										
PIRATA Fr24	st047c01	B	2014-05-19T01:30:00z	  -4.000	 +1.000		 100.0	 4	 35.702	2.749	119.60	 0.03	 16.800	16.700	  1.20	 5.50																										
PIRATA Fr24	st047c01	B	2014-05-19T01:30:00z	  -4.000	 +1.000		 500.0	 3	 34.677	2.827	123.00																															
PIRATA Fr24	st047c01	B	2014-05-19T01:30:00z	  -4.000	 +1.000		1000.0	 2	 34.635	3.608	156.90																															
PIRATA Fr24	st047c01	B	2014-05-19T01:30:00z	  -4.000	 +1.000		2000.0	 1	 34.962	5.669	246.40																															
PIRATA Fr24	st048c01	B	2014-05-19T07:24:00z	  -4.000	 +1.500		   0.0	11	 34.660	4.446	194.30	 0.01	  0.100	0.100	  0.02	 0.80																										
PIRATA Fr24	st048c01	B	2014-05-19T07:24:00z	  -4.000	 +1.500		  10.0	10	 34.659	4.440	194.10	 0.01	  0.100	0.000	  0.01	 0.70																										
PIRATA Fr24	st048c01	B	2014-05-19T07:24:00z	  -4.000	 +1.500		  20.0	 9	 34.660	4.441	194.10	 0.01	  0.000	0.000	  0.01	 0.70																										
PIRATA Fr24	st048c01	B	2014-05-19T07:24:00z	  -4.000	 +1.500		  20.0	 8	 34.659	4.441	194.10	 0.02	  0.100	0.000	  0.00	 0.90																										
PIRATA Fr24	st048c01	B	2014-05-19T07:24:00z	  -4.000	 +1.500		  40.0	 7	 35.002	4.521	197.50	 0.02	  0.100	0.000	  0.02	 0.90																										
PIRATA Fr24	st048c01	B	2014-05-19T07:24:00z	  -4.000	 +1.500		  60.0	 6	 35.823	2.815	122.60	 0.43	 12.400	12.000	  0.84	 3.20																										
PIRATA Fr24	st048c01	B	2014-05-19T07:24:00z	  -4.000	 +1.500		  80.0	 5	 35.772	3.048	132.70	 0.13	 14.700	14.500	  1.02	 4.90																										
PIRATA Fr24	st048c01	B	2014-05-19T07:24:00z	  -4.000	 +1.500		 100.0	 4	 35.668	2.793	121.60	 0.05	 16.800	16.700	  1.19	 5.70																										
PIRATA Fr24	st048c01	B	2014-05-19T07:24:00z	  -4.000	 +1.500		 500.0	 3	 34.669	2.807	122.10																															
PIRATA Fr24	st048c01	B	2014-05-19T07:24:00z	  -4.000	 +1.500		1000.0	 2	 34.625	3.588	156.00																															
PIRATA Fr24	st048c01	B	2014-05-19T07:24:00z	  -4.000	 +1.500		2000.0	 1	 34.962	5.689	247.30																															
